monday,tuesday,wednesday,thursday,friday,saturday,sunday,start_date,end_date,service_id
0,0,0,0,0,0,1,20260411,20260420,25
0,0,0,0,0,0,1,20260411,20260426,60
0,0,0,0,0,0,1,20260411,20260506,268
0,0,0,0,0,0,1,20260412,20260419,137
0,0,0,0,0,0,1,20260412,20260419,602
0,0,0,0,0,0,1,20260412,20260420,417
0,0,0,0,0,0,1,20260412,20260426,211
0,0,0,0,0,0,1,20260412,20260426,99
0,0,0,0,0,0,1,20260412,20260503,1019
0,0,0,0,0,0,1,20260412,20260510,148
0,0,0,0,0,0,1,20260412,20260510,172
0,0,0,0,0,0,1,20260412,20260510,757
0,0,0,0,0,0,1,20260417,20260426,673
0,0,0,0,0,0,1,20260417,20260427,827
0,0,0,0,0,0,1,20260418,20260419,342
0,0,0,0,0,0,1,20260418,20260426,401
0,0,0,0,0,0,1,20260418,20260501,898
0,0,0,0,0,0,1,20260419,20260426,70
0,0,0,0,0,0,1,20260419,20260503,220
0,0,0,0,0,0,1,20260419,20260503,985
0,0,0,0,0,0,1,20260419,20260510,255
0,0,0,0,0,0,1,20260419,20260510,677
0,0,0,0,0,0,1,20260419,20260510,682
0,0,0,0,0,0,1,20260419,20260510,872
0,0,0,0,0,0,1,20260426,20260503,706
0,0,0,0,0,0,1,20260426,20260510,226
0,0,0,0,0,0,1,20260426,20260510,305
0,0,0,0,0,0,1,20260501,20260510,28
0,0,0,0,0,0,1,20260501,20260511,768
0,0,0,0,0,0,1,20260502,20260510,95
0,0,0,0,0,0,1,20260503,20260510,133
0,0,0,0,0,0,1,20260503,20260510,605
0,0,0,0,0,1,0,20260411,20260418,963
0,0,0,0,0,1,0,20260411,20260419,903
0,0,0,0,0,1,0,20260411,20260425,282
0,0,0,0,0,1,0,20260411,20260425,932
0,0,0,0,0,1,0,20260411,20260426,335
0,0,0,0,0,1,0,20260411,20260502,674
0,0,0,0,0,1,0,20260411,20260502,874
0,0,0,0,0,1,0,20260411,20260509,21
0,0,0,0,0,1,0,20260411,20260509,322
0,0,0,0,0,1,0,20260411,20260509,599
0,0,0,0,0,1,0,20260411,20260509,892
0,0,0,0,0,1,0,20260411,20260509,991
0,0,0,0,0,1,0,20260417,20260426,481
0,0,0,0,0,1,0,20260418,20260425,395
0,0,0,0,0,1,0,20260418,20260502,1006
0,0,0,0,0,1,0,20260418,20260502,248
0,0,0,0,0,1,0,20260418,20260504,349
0,0,0,0,0,1,0,20260418,20260509,257
0,0,0,0,0,1,0,20260418,20260509,448
0,0,0,0,0,1,0,20260425,20260502,231
0,0,0,0,0,1,0,20260425,20260503,48
0,0,0,0,0,1,0,20260425,20260504,468
0,0,0,0,0,1,0,20260425,20260509,791
0,0,0,0,0,1,0,20260425,20260509,941
0,0,0,0,0,1,0,20260501,20260509,723
0,0,0,0,0,1,0,20260501,20260510,889
0,0,0,0,0,1,0,20260502,20260509,373
0,0,0,0,0,1,0,20260502,20260509,476
0,0,0,0,0,1,1,20260411,20260412,208
0,0,0,0,0,1,1,20260411,20260418,537
0,0,0,0,0,1,1,20260411,20260419,267
0,0,0,0,0,1,1,20260411,20260426,330
0,0,0,0,0,1,1,20260411,20260426,418
0,0,0,0,0,1,1,20260411,20260430,850
0,0,0,0,0,1,1,20260411,20260501,798
0,0,0,0,0,1,1,20260411,20260503,549
0,0,0,0,0,1,1,20260411,20260503,820
0,0,0,0,0,1,1,20260411,20260510,143
0,0,0,0,0,1,1,20260411,20260510,244
0,0,0,0,0,1,1,20260411,20260510,260
0,0,0,0,0,1,1,20260411,20260510,546
0,0,0,0,0,1,1,20260411,20260510,698
0,0,0,0,0,1,1,20260411,20260510,733
0,0,0,0,0,1,1,20260411,20260510,97
0,0,0,0,0,1,1,20260411,20260511,1012
0,0,0,0,0,1,1,20260412,20260419,431
0,0,0,0,0,1,1,20260412,20260503,472
0,0,0,0,0,1,1,20260412,20260510,262
0,0,0,0,0,1,1,20260412,20260510,608
0,0,0,0,0,1,1,20260417,20260430,501
0,0,0,0,0,1,1,20260417,20260503,822
0,0,0,0,0,1,1,20260418,20260419,11
0,0,0,0,0,1,1,20260418,20260425,56
0,0,0,0,0,1,1,20260418,20260426,485
0,0,0,0,0,1,1,20260418,20260427,744
0,0,0,0,0,1,1,20260418,20260430,669
0,0,0,0,0,1,1,20260418,20260503,498
0,0,0,0,0,1,1,20260418,20260503,754
0,0,0,0,0,1,1,20260418,20260510,110
0,0,0,0,0,1,1,20260418,20260510,213
0,0,0,0,0,1,1,20260418,20260510,933
0,0,0,0,0,1,1,20260419,20260425,218
0,0,0,0,0,1,1,20260419,20260426,664
0,0,0,0,0,1,1,20260419,20260503,79
0,0,0,0,0,1,1,20260425,20260426,777
0,0,0,0,0,1,1,20260425,20260503,823
0,0,0,0,0,1,1,20260425,20260503,858
0,0,0,0,0,1,1,20260425,20260510,405
0,0,0,0,0,1,1,20260425,20260510,412
0,0,0,0,0,1,1,20260425,20260510,942
0,0,0,0,0,1,1,20260429,20260510,894
0,0,0,0,0,1,1,20260501,20260510,863
0,0,0,0,0,1,1,20260501,20260510,895
0,0,0,0,0,1,1,20260501,20260511,367
0,0,0,0,0,1,1,20260502,20260503,730
0,0,0,0,0,1,1,20260502,20260510,899
0,0,0,0,0,1,1,20260502,20260511,742
0,0,0,0,0,1,1,20260509,20260510,873
0,0,0,0,1,0,0,20260417,20260424,978
0,0,0,0,1,0,0,20260417,20260426,630
0,0,0,0,1,0,0,20260417,20260508,72
0,0,0,0,1,0,0,20260424,20260501,699
0,0,0,0,1,0,0,20260424,20260508,324
0,0,0,0,1,0,0,20260424,20260508,641
0,0,0,0,1,0,0,20260501,20260508,107
0,0,0,0,1,0,0,20260501,20260511,828
0,0,0,0,1,0,1,20260412,20260419,245
0,0,0,0,1,0,1,20260412,20260426,281
0,0,0,0,1,0,1,20260412,20260510,443
0,0,0,0,1,0,1,20260417,20260508,612
0,0,0,0,1,0,1,20260424,20260426,177
0,0,0,0,1,0,1,20260426,20260501,813
0,0,0,0,1,0,1,20260426,20260503,964
0,0,0,0,1,0,1,20260501,20260503,966
0,0,0,0,1,0,1,20260503,20260508,445
0,0,0,0,1,0,1,20260503,20260510,209
0,0,0,0,1,0,1,20260508,20260510,632
0,0,0,0,1,1,0,20260411,20260417,138
0,0,0,0,1,1,0,20260411,20260426,114
0,0,0,0,1,1,0,20260417,20260418,36
0,0,0,0,1,1,0,20260417,20260418,527
0,0,0,0,1,1,0,20260417,20260418,649
0,0,0,0,1,1,0,20260417,20260418,852
0,0,0,0,1,1,0,20260417,20260426,779
0,0,0,0,1,1,0,20260417,20260503,793
0,0,0,0,1,1,0,20260417,20260509,134
0,0,0,0,1,1,0,20260417,20260509,61
0,0,0,0,1,1,0,20260418,20260424,40
0,0,0,0,1,1,0,20260418,20260426,564
0,0,0,0,1,1,0,20260424,20260425,690
0,0,0,0,1,1,0,20260424,20260502,6
0,0,0,0,1,1,0,20260425,20260501,486
0,0,0,0,1,1,0,20260501,20260502,19
0,0,0,0,1,1,0,20260501,20260502,652
0,0,0,0,1,1,0,20260501,20260502,755
0,0,0,0,1,1,0,20260501,20260502,90
0,0,0,0,1,1,0,20260502,20260508,645
0,0,0,0,1,1,0,20260502,20260509,943
0,0,0,0,1,1,0,20260508,20260509,332
0,0,0,0,1,1,1,20260411,20260419,897
0,0,0,0,1,1,1,20260411,20260510,524
0,0,0,0,1,1,1,20260412,20260419,188
0,0,0,0,1,1,1,20260417,20260419,403
0,0,0,0,1,1,1,20260417,20260425,174
0,0,0,0,1,1,1,20260417,20260425,814
0,0,0,0,1,1,1,20260417,20260508,189
0,0,0,0,1,1,1,20260417,20260510,420
0,0,0,0,1,1,1,20260419,20260426,42
0,0,0,0,1,1,1,20260424,20260426,149
0,0,0,0,1,1,1,20260424,20260510,366
0,0,0,0,1,1,1,20260425,20260501,364
0,0,0,0,1,1,1,20260425,20260503,746
0,0,0,0,1,1,1,20260426,20260503,312
0,0,0,0,1,1,1,20260501,20260503,203
0,0,0,0,1,1,1,20260501,20260510,840
0,0,0,0,1,1,1,20260502,20260510,375
0,0,0,0,1,1,1,20260503,20260510,773
0,0,0,0,1,1,1,20260508,20260510,20
0,0,0,1,0,0,0,20260416,20260423,972
0,0,0,1,0,0,0,20260423,20260430,741
0,0,0,1,0,0,1,20260412,20260416,161
0,0,0,1,0,0,1,20260412,20260423,410
0,0,0,1,0,0,1,20260412,20260423,609
0,0,0,1,0,0,1,20260416,20260419,848
0,0,0,1,0,0,1,20260418,20260428,283
0,0,0,1,0,0,1,20260426,20260430,182
0,0,0,1,0,0,1,20260503,20260507,361
0,0,0,1,0,0,1,20260507,20260510,929
0,0,0,1,0,1,0,20260411,20260416,833
0,0,0,1,0,1,0,20260413,20260425,345
0,0,0,1,0,1,0,20260416,20260418,376
0,0,0,1,0,1,0,20260430,20260502,640
0,0,0,1,0,1,1,20260411,20260416,49
0,0,0,1,0,1,1,20260425,20260503,164
0,0,0,1,1,0,0,20260416,20260417,688
0,0,0,1,1,0,0,20260416,20260417,792
0,0,0,1,1,0,0,20260416,20260508,407
0,0,0,1,1,0,0,20260417,20260423,295
0,0,0,1,1,0,0,20260417,20260424,544
0,0,0,1,1,0,0,20260417,20260503,876
0,0,0,1,1,0,0,20260423,20260424,781
0,0,0,1,1,0,0,20260430,20260501,611
0,0,0,1,1,0,0,20260501,20260507,204
0,0,0,1,1,0,0,20260501,20260511,890
0,0,0,1,1,0,0,20260507,20260508,173
0,0,0,1,1,0,1,20260412,20260417,333
0,0,0,1,1,0,1,20260416,20260419,610
0,0,0,1,1,1,0,20260411,20260419,944
0,0,0,1,1,1,0,20260411,20260421,135
0,0,0,1,1,1,0,20260416,20260418,775
0,0,0,1,1,1,0,20260430,20260502,160
0,0,0,1,1,1,0,20260507,20260509,404
0,0,0,1,1,1,1,20260416,20260419,284
0,0,0,1,1,1,1,20260428,20260511,627
0,0,0,1,1,1,1,20260430,20260503,353
0,0,0,1,1,1,1,20260501,20260511,865
0,0,0,1,1,1,1,20260502,20260511,676
0,0,1,0,0,0,1,20260412,20260415,57
0,0,1,0,0,0,1,20260503,20260506,720
0,0,1,0,0,0,1,20260503,20260510,550
0,0,1,0,0,1,0,20260418,20260425,101
0,0,1,0,0,1,0,20260425,20260429,84
0,0,1,0,1,0,0,20260429,20260501,269
0,0,1,0,1,0,0,20260501,20260506,285
0,0,1,0,1,0,1,20260412,20260417,391
0,0,1,0,1,1,0,20260414,20260424,16
0,0,1,1,0,0,0,20260413,20260423,853
0,0,1,1,0,0,0,20260415,20260416,578
0,0,1,1,0,0,0,20260422,20260423,124
0,0,1,1,0,0,0,20260429,20260430,530
0,0,1,1,0,0,0,20260429,20260430,957
0,0,1,1,0,0,0,20260506,20260507,916
0,0,1,1,1,0,0,20260413,20260424,359
0,0,1,1,1,0,0,20260415,20260417,803
0,0,1,1,1,0,0,20260422,20260424,856
0,0,1,1,1,0,0,20260422,20260424,961
0,0,1,1,1,0,1,20260503,20260511,557
0,0,1,1,1,1,0,20260418,20260425,130
0,0,1,1,1,1,0,20260418,20260426,69
0,0,1,1,1,1,1,20260413,20260426,299
0,0,1,1,1,1,1,20260416,20260423,979
0,0,1,1,1,1,1,20260422,20260426,389
0,0,1,1,1,1,1,20260501,20260511,949
0,1,0,0,0,0,1,20260411,20260508,885
0,1,0,0,0,0,1,20260412,20260426,434
0,1,0,0,0,0,1,20260414,20260503,731
0,1,0,0,0,1,0,20260502,20260505,636
0,1,0,0,0,1,1,20260411,20260414,223
0,1,0,0,0,1,1,20260502,20260505,397
0,1,0,0,1,0,0,20260413,20260430,572
0,1,0,0,1,0,0,20260501,20260505,374
0,1,0,1,0,0,0,20260414,20260416,886
0,1,0,1,0,0,0,20260414,20260423,868
0,1,0,1,0,0,0,20260428,20260430,883
0,1,0,1,0,0,1,20260412,20260423,520
0,1,0,1,0,0,1,20260423,20260507,909
0,1,0,1,0,0,1,20260423,20260510,1007
0,1,0,1,0,0,1,20260503,20260511,396
0,1,0,1,0,1,1,20260428,20260510,606
0,1,0,1,0,1,1,20260428,20260511,1015
0,1,0,1,1,0,0,20260414,20260417,573
0,1,0,1,1,0,0,20260414,20260424,197
0,1,0,1,1,0,0,20260505,20260508,893
0,1,0,1,1,1,1,20260502,20260510,41
0,1,0,1,1,1,1,20260505,20260510,735
0,1,1,0,0,0,0,20260413,20260429,600
0,1,1,0,0,0,0,20260414,20260415,258
0,1,1,0,0,0,0,20260421,20260422,769
0,1,1,0,0,0,0,20260428,20260429,307
0,1,1,0,0,0,0,20260505,20260506,210
0,1,1,0,0,0,1,20260412,20260426,809
0,1,1,0,0,0,1,20260421,20260426,279
0,1,1,0,0,0,1,20260502,20260510,974
0,1,1,0,0,1,0,20260428,20260502,170
0,1,1,0,0,1,1,20260418,20260422,167
0,1,1,0,1,0,0,20260505,20260508,398
0,1,1,0,1,1,1,20260411,20260429,565
0,1,1,0,1,1,1,20260428,20260503,185
0,1,1,1,0,0,0,20260413,20260430,986
0,1,1,1,0,0,0,20260414,20260416,249
0,1,1,1,0,0,0,20260421,20260423,225
0,1,1,1,0,0,0,20260428,20260430,439
0,1,1,1,0,0,0,20260505,20260507,521
0,1,1,1,0,0,1,20260414,20260430,467
0,1,1,1,0,0,1,20260426,20260509,377
0,1,1,1,0,0,1,20260503,20260507,290
0,1,1,1,0,0,1,20260505,20260510,475
0,1,1,1,0,0,1,20260506,20260511,33
0,1,1,1,0,1,1,20260411,20260430,309
0,1,1,1,0,1,1,20260425,20260430,904
0,1,1,1,1,0,0,20260414,20260417,186
0,1,1,1,1,0,0,20260414,20260430,440
0,1,1,1,1,0,0,20260414,20260430,67
0,1,1,1,1,0,0,20260416,20260422,102
0,1,1,1,1,0,0,20260419,20260430,845
0,1,1,1,1,0,0,20260420,20260430,457
0,1,1,1,1,0,0,20260421,20260501,680
0,1,1,1,1,0,0,20260428,20260508,64
0,1,1,1,1,0,0,20260501,20260511,634
0,1,1,1,1,0,0,20260505,20260508,617
0,1,1,1,1,0,1,20260412,20260421,162
0,1,1,1,1,0,1,20260412,20260506,452
0,1,1,1,1,0,1,20260412,20260511,919
0,1,1,1,1,0,1,20260413,20260421,956
0,1,1,1,1,0,1,20260418,20260424,713
0,1,1,1,1,0,1,20260418,20260430,379
0,1,1,1,1,0,1,20260501,20260510,238
0,1,1,1,1,0,1,20260501,20260510,254
0,1,1,1,1,1,0,20260411,20260417,747
0,1,1,1,1,1,0,20260411,20260424,980
0,1,1,1,1,1,0,20260414,20260418,381
0,1,1,1,1,1,0,20260418,20260430,144
0,1,1,1,1,1,0,20260506,20260511,588
0,1,1,1,1,1,1,20260411,20260430,180
0,1,1,1,1,1,1,20260414,20260430,206
0,1,1,1,1,1,1,20260414,20260507,703
0,1,1,1,1,1,1,20260415,20260421,449
0,1,1,1,1,1,1,20260421,20260501,198
0,1,1,1,1,1,1,20260421,20260510,239
0,1,1,1,1,1,1,20260425,20260429,435
0,1,1,1,1,1,1,20260501,20260510,103
0,1,1,1,1,1,1,20260501,20260511,365
0,1,1,1,1,1,1,20260502,20260508,694
0,1,1,1,1,1,1,20260502,20260510,496
1,0,0,0,0,0,0,20260411,20260413,272
1,0,0,0,0,0,0,20260413,20260427,236
1,0,0,0,0,0,0,20260504,20260511,992
1,0,0,0,0,0,1,20260412,20260413,1016
1,0,0,0,0,0,1,20260418,20260427,684
1,0,0,0,0,0,1,20260419,20260420,623
1,0,0,0,0,0,1,20260419,20260426,1017
1,0,0,0,0,0,1,20260426,20260427,997
1,0,0,0,0,0,1,20260502,20260511,717
1,0,0,0,0,0,1,20260510,20260511,123
1,0,0,0,0,1,0,20260425,20260427,320
1,0,0,0,0,1,0,20260502,20260504,421
1,0,0,0,0,1,0,20260509,20260511,104
1,0,0,0,0,1,1,20260411,20260413,989
1,0,0,0,0,1,1,20260411,20260427,635
1,0,0,0,0,1,1,20260411,20260427,661
1,0,0,0,0,1,1,20260419,20260510,216
1,0,0,0,0,1,1,20260420,20260510,43
1,0,0,0,0,1,1,20260425,20260427,378
1,0,0,0,0,1,1,20260502,20260504,109
1,0,0,0,0,1,1,20260502,20260510,436
1,0,0,0,0,1,1,20260509,20260511,438
1,0,0,0,1,0,0,20260427,20260501,334
1,0,0,0,1,0,0,20260501,20260504,818
1,0,0,0,1,0,0,20260504,20260508,835
1,0,0,0,1,0,0,20260504,20260511,346
1,0,0,0,1,0,0,20260508,20260511,392
1,0,0,0,1,0,1,20260424,20260427,1018
1,0,0,0,1,0,1,20260503,20260511,406
1,0,0,0,1,0,1,20260508,20260511,491
1,0,0,0,1,1,0,20260411,20260427,426
1,0,0,0,1,1,0,20260417,20260420,718
1,0,0,0,1,1,0,20260417,20260508,533
1,0,0,0,1,1,0,20260418,20260430,795
1,0,0,0,1,1,0,20260420,20260425,711
1,0,0,0,1,1,0,20260501,20260511,190
1,0,0,0,1,1,0,20260504,20260511,917
1,0,0,0,1,1,0,20260508,20260511,500
1,0,0,0,1,1,1,20260411,20260419,444
1,0,0,0,1,1,1,20260413,20260419,736
1,0,0,0,1,1,1,20260425,20260511,515
1,0,0,0,1,1,1,20260502,20260511,93
1,0,0,0,1,1,1,20260508,20260511,66
1,0,0,1,0,0,0,20260413,20260416,869
1,0,0,1,0,0,0,20260427,20260430,681
1,0,0,1,0,0,0,20260507,20260511,750
1,0,0,1,0,0,1,20260426,20260430,982
1,0,0,1,0,0,1,20260507,20260511,1008
1,0,0,1,0,1,1,20260507,20260511,50
1,0,0,1,1,0,0,20260413,20260430,534
1,0,0,1,1,0,0,20260420,20260424,975
1,0,0,1,1,0,0,20260420,20260508,558
1,0,0,1,1,0,0,20260423,20260427,510
1,0,0,1,1,0,0,20260424,20260511,748
1,0,0,1,1,0,0,20260507,20260511,983
1,0,0,1,1,0,1,20260507,20260511,825
1,0,0,1,1,1,0,20260417,20260502,31
1,0,0,1,1,1,0,20260418,20260427,155
1,0,0,1,1,1,0,20260424,20260511,348
1,0,0,1,1,1,0,20260507,20260511,105
1,0,0,1,1,1,1,20260411,20260430,4
1,0,0,1,1,1,1,20260416,20260420,385
1,0,0,1,1,1,1,20260418,20260430,478
1,0,0,1,1,1,1,20260420,20260430,689
1,0,0,1,1,1,1,20260507,20260511,12
1,0,1,0,0,0,0,20260413,20260415,708
1,0,1,0,0,0,0,20260413,20260424,300
1,0,1,0,0,0,0,20260420,20260422,692
1,0,1,0,0,0,0,20260504,20260506,642
1,0,1,0,0,0,1,20260411,20260427,193
1,0,1,0,0,0,1,20260411,20260506,298
1,0,1,0,0,0,1,20260413,20260511,965
1,0,1,0,0,0,1,20260506,20260511,116
1,0,1,0,0,1,1,20260411,20260415,660
1,0,1,0,0,1,1,20260412,20260419,624
1,0,1,0,0,1,1,20260420,20260427,538
1,0,1,0,0,1,1,20260425,20260429,479
1,0,1,0,0,1,1,20260502,20260503,743
1,0,1,0,1,0,0,20260413,20260417,732
1,0,1,0,1,0,0,20260424,20260511,851
1,0,1,0,1,0,1,20260412,20260417,433
1,0,1,0,1,1,0,20260424,20260511,156
1,0,1,1,0,0,0,20260413,20260416,987
1,0,1,1,0,0,0,20260413,20260427,837
1,0,1,1,0,0,0,20260419,20260430,247
1,0,1,1,0,1,1,20260411,20260416,847
1,0,1,1,0,1,1,20260413,20260428,960
1,0,1,1,0,1,1,20260506,20260511,224
1,0,1,1,1,0,0,20260413,20260427,495
1,0,1,1,1,0,0,20260413,20260427,574
1,0,1,1,1,0,0,20260414,20260422,761
1,0,1,1,1,0,0,20260424,20260511,559
1,0,1,1,1,0,0,20260424,20260511,946
1,0,1,1,1,0,0,20260424,20260511,96
1,0,1,1,1,0,0,20260506,20260511,94
1,0,1,1,1,0,0,20260507,20260511,901
1,0,1,1,1,0,1,20260419,20260430,274
1,0,1,1,1,1,0,20260504,20260509,59
1,0,1,1,1,1,0,20260504,20260511,465
1,0,1,1,1,1,0,20260506,20260511,179
1,0,1,1,1,1,1,20260417,20260424,145
1,0,1,1,1,1,1,20260417,20260429,585
1,0,1,1,1,1,1,20260418,20260429,37
1,0,1,1,1,1,1,20260418,20260430,222
1,1,0,0,0,0,0,20260413,20260414,770
1,1,0,0,0,0,0,20260413,20260511,462
1,1,0,0,0,0,0,20260413,20260511,580
1,1,0,0,0,0,0,20260420,20260421,525
1,1,0,0,0,0,0,20260420,20260421,670
1,1,0,0,0,0,0,20260427,20260428,199
1,1,0,0,0,0,0,20260504,20260505,817
1,1,0,0,0,0,1,20260411,20260414,119
1,1,0,0,0,0,1,20260412,20260511,780
1,1,0,0,0,0,1,20260419,20260421,724
1,1,0,0,0,0,1,20260426,20260428,505
1,1,0,0,0,0,1,20260426,20260511,187
1,1,0,0,0,0,1,20260502,20260510,387
1,1,0,0,0,0,1,20260503,20260505,709
1,1,0,0,0,1,0,20260502,20260505,604
1,1,0,0,0,1,1,20260411,20260414,9
1,1,0,0,0,1,1,20260411,20260511,217
1,1,0,0,0,1,1,20260418,20260421,315
1,1,0,0,0,1,1,20260430,20260511,251
1,1,0,0,0,1,1,20260502,20260505,65
1,1,0,0,1,0,0,20260501,20260505,81
1,1,0,0,1,1,1,20260424,20260428,296
1,1,0,0,1,1,1,20260425,20260510,39
1,1,0,1,0,0,0,20260414,20260427,252
1,1,0,1,0,0,0,20260416,20260421,857
1,1,0,1,0,0,0,20260420,20260430,583
1,1,0,1,0,0,0,20260505,20260511,556
1,1,0,1,0,0,1,20260412,20260427,776
1,1,0,1,0,0,1,20260413,20260423,276
1,1,0,1,0,0,1,20260413,20260423,535
1,1,0,1,0,1,0,20260414,20260425,905
1,1,0,1,0,1,1,20260411,20260427,937
1,1,0,1,1,0,0,20260417,20260427,383
1,1,0,1,1,0,1,20260419,20260427,665
1,1,0,1,1,1,0,20260413,20260511,596
1,1,0,1,1,1,0,20260413,20260511,647
1,1,0,1,1,1,0,20260502,20260511,785
1,1,0,1,1,1,0,20260504,20260509,715
1,1,0,1,1,1,0,20260505,20260511,973
1,1,0,1,1,1,1,20260411,20260427,323
1,1,0,1,1,1,1,20260501,20260510,771
1,1,1,0,0,0,0,20260412,20260425,539
1,1,1,0,0,0,0,20260413,20260415,171
1,1,1,0,0,0,0,20260413,20260422,1002
1,1,1,0,0,0,0,20260413,20260429,355
1,1,1,0,0,0,0,20260413,20260429,619
1,1,1,0,0,0,0,20260413,20260430,207
1,1,1,0,0,0,0,20260413,20260507,995
1,1,1,0,0,0,0,20260413,20260511,317
1,1,1,0,0,0,0,20260420,20260422,301
1,1,1,0,0,0,0,20260420,20260422,726
1,1,1,0,0,0,0,20260420,20260427,1004
1,1,1,0,0,0,0,20260427,20260429,108
1,1,1,0,0,0,0,20260427,20260429,787
1,1,1,0,0,0,0,20260427,20260511,976
1,1,1,0,0,0,0,20260428,20260511,594
1,1,1,0,0,0,0,20260501,20260510,829
1,1,1,0,0,0,0,20260501,20260511,263
1,1,1,0,0,0,0,20260501,20260511,657
1,1,1,0,0,0,0,20260501,20260511,704
1,1,1,0,0,0,0,20260502,20260511,157
1,1,1,0,0,0,0,20260504,20260506,337
1,1,1,0,0,0,0,20260504,20260511,591
1,1,1,0,0,0,0,20260505,20260511,399
1,1,1,0,0,0,0,20260505,20260511,767
1,1,1,0,0,0,1,20260411,20260415,959
1,1,1,0,0,0,1,20260412,20260506,513
1,1,1,0,0,0,1,20260419,20260422,150
1,1,1,0,0,0,1,20260426,20260429,212
1,1,1,0,0,0,1,20260426,20260429,782
1,1,1,0,0,0,1,20260426,20260503,615
1,1,1,0,0,0,1,20260427,20260511,879
1,1,1,0,0,0,1,20260428,20260510,75
1,1,1,0,0,0,1,20260503,20260506,341
1,1,1,0,0,0,1,20260504,20260510,287
1,1,1,0,0,1,0,20260413,20260502,579
1,1,1,0,0,1,0,20260418,20260507,970
1,1,1,0,0,1,0,20260425,20260427,700
1,1,1,0,0,1,0,20260502,20260506,71
1,1,1,0,0,1,1,20260411,20260415,998
1,1,1,0,0,1,1,20260411,20260430,695
1,1,1,0,0,1,1,20260411,20260430,906
1,1,1,0,0,1,1,20260413,20260422,616
1,1,1,0,0,1,1,20260413,20260426,275
1,1,1,0,0,1,1,20260418,20260422,459
1,1,1,0,0,1,1,20260418,20260507,106
1,1,1,0,0,1,1,20260425,20260429,293
1,1,1,0,0,1,1,20260501,20260511,414
1,1,1,0,0,1,1,20260502,20260506,928
1,1,1,0,0,1,1,20260504,20260511,122
1,1,1,0,1,0,0,20260413,20260424,760
1,1,1,0,1,0,0,20260413,20260430,273
1,1,1,0,1,0,0,20260414,20260422,10
1,1,1,0,1,0,0,20260414,20260423,958
1,1,1,0,1,0,0,20260417,20260430,51
1,1,1,0,1,0,0,20260420,20260424,192
1,1,1,0,1,0,0,20260424,20260511,347
1,1,1,0,1,0,0,20260504,20260511,131
1,1,1,0,1,0,1,20260412,20260426,194
1,1,1,0,1,1,0,20260418,20260427,259
1,1,1,0,1,1,1,20260411,20260426,977
1,1,1,0,1,1,1,20260411,20260430,464
1,1,1,0,1,1,1,20260411,20260511,422
1,1,1,0,1,1,1,20260417,20260422,783
1,1,1,0,1,1,1,20260418,20260508,7
1,1,1,0,1,1,1,20260420,20260426,1000
1,1,1,0,1,1,1,20260425,20260426,804
1,1,1,0,1,1,1,20260426,20260511,722
1,1,1,0,1,1,1,20260501,20260506,843
1,1,1,0,1,1,1,20260502,20260511,469
1,1,1,0,1,1,1,20260503,20260510,77
1,1,1,1,0,0,0,20260413,20260416,384
1,1,1,1,0,0,0,20260413,20260416,951
1,1,1,1,0,0,0,20260413,20260423,370
1,1,1,1,0,0,0,20260413,20260424,242
1,1,1,1,0,0,0,20260413,20260429,372
1,1,1,1,0,0,0,20260413,20260430,714
1,1,1,1,0,0,0,20260413,20260511,1001
1,1,1,1,0,0,0,20260413,20260511,165
1,1,1,1,0,0,0,20260413,20260511,297
1,1,1,1,0,0,0,20260413,20260511,357
1,1,1,1,0,0,0,20260413,20260511,388
1,1,1,1,0,0,0,20260413,20260511,415
1,1,1,1,0,0,0,20260413,20260511,651
1,1,1,1,0,0,0,20260413,20260511,763
1,1,1,1,0,0,0,20260413,20260511,830
1,1,1,1,0,0,0,20260414,20260427,437
1,1,1,1,0,0,0,20260414,20260511,32
1,1,1,1,0,0,0,20260418,20260430,483
1,1,1,1,0,0,0,20260420,20260423,139
1,1,1,1,0,0,0,20260420,20260506,499
1,1,1,1,0,0,0,20260420,20260506,89
1,1,1,1,0,0,0,20260420,20260511,654
1,1,1,1,0,0,0,20260420,20260511,912
1,1,1,1,0,0,0,20260423,20260507,450
1,1,1,1,0,0,0,20260424,20260511,205
1,1,1,1,0,0,0,20260427,20260430,183
1,1,1,1,0,0,0,20260427,20260507,154
1,1,1,1,0,0,0,20260427,20260511,17
1,1,1,1,0,0,0,20260428,20260511,729
1,1,1,1,0,0,0,20260428,20260511,87
1,1,1,1,0,0,0,20260428,20260511,940
1,1,1,1,0,0,0,20260429,20260511,488
1,1,1,1,0,0,0,20260501,20260511,575
1,1,1,1,0,0,0,20260502,20260511,971
1,1,1,1,0,0,0,20260504,20260507,871
1,1,1,1,0,0,0,20260504,20260507,922
1,1,1,1,0,0,0,20260504,20260511,354
1,1,1,1,0,0,0,20260505,20260507,489
1,1,1,1,0,0,1,20260411,20260423,1014
1,1,1,1,0,0,1,20260411,20260428,586
1,1,1,1,0,0,1,20260411,20260430,429
1,1,1,1,0,0,1,20260411,20260511,413
1,1,1,1,0,0,1,20260412,20260416,631
1,1,1,1,0,0,1,20260412,20260423,562
1,1,1,1,0,0,1,20260412,20260427,120
1,1,1,1,0,0,1,20260412,20260429,861
1,1,1,1,0,0,1,20260412,20260430,511
1,1,1,1,0,0,1,20260412,20260511,271
1,1,1,1,0,0,1,20260412,20260511,637
1,1,1,1,0,0,1,20260413,20260423,705
1,1,1,1,0,0,1,20260413,20260511,460
1,1,1,1,0,0,1,20260419,20260507,470
1,1,1,1,0,0,1,20260426,20260430,710
1,1,1,1,0,0,1,20260427,20260503,789
1,1,1,1,0,0,1,20260428,20260511,597
1,1,1,1,0,0,1,20260429,20260511,999
1,1,1,1,0,0,1,20260430,20260511,151
1,1,1,1,0,0,1,20260501,20260510,482
1,1,1,1,0,0,1,20260501,20260511,936
1,1,1,1,0,0,1,20260502,20260510,230
1,1,1,1,0,0,1,20260502,20260511,390
1,1,1,1,0,0,1,20260502,20260511,996
1,1,1,1,0,0,1,20260503,20260507,576
1,1,1,1,0,1,0,20260411,20260416,235
1,1,1,1,0,1,0,20260411,20260430,18
1,1,1,1,0,1,0,20260411,20260430,184
1,1,1,1,0,1,0,20260411,20260430,788
1,1,1,1,0,1,0,20260411,20260511,620
1,1,1,1,0,1,0,20260413,20260430,548
1,1,1,1,0,1,0,20260413,20260430,691
1,1,1,1,0,1,0,20260420,20260427,447
1,1,1,1,0,1,0,20260421,20260511,659
1,1,1,1,0,1,0,20260425,20260430,1023
1,1,1,1,0,1,0,20260427,20260502,655
1,1,1,1,0,1,0,20260428,20260511,264
1,1,1,1,0,1,1,20260411,20260416,727
1,1,1,1,0,1,1,20260411,20260427,163
1,1,1,1,0,1,1,20260411,20260428,796
1,1,1,1,0,1,1,20260411,20260430,1022
1,1,1,1,0,1,1,20260411,20260430,233
1,1,1,1,0,1,1,20260411,20260430,362
1,1,1,1,0,1,1,20260411,20260430,531
1,1,1,1,0,1,1,20260411,20260430,870
1,1,1,1,0,1,1,20260411,20260502,568
1,1,1,1,0,1,1,20260411,20260506,545
1,1,1,1,0,1,1,20260412,20260427,907
1,1,1,1,0,1,1,20260413,20260427,270
1,1,1,1,0,1,1,20260414,20260430,831
1,1,1,1,0,1,1,20260417,20260430,46
1,1,1,1,0,1,1,20260423,20260505,913
1,1,1,1,0,1,1,20260425,20260430,214
1,1,1,1,0,1,1,20260425,20260507,328
1,1,1,1,0,1,1,20260426,20260503,693
1,1,1,1,0,1,1,20260427,20260511,336
1,1,1,1,0,1,1,20260428,20260507,756
1,1,1,1,0,1,1,20260428,20260511,5
1,1,1,1,0,1,1,20260502,20260503,918
1,1,1,1,0,1,1,20260502,20260507,277
1,1,1,1,0,1,1,20260502,20260511,719
1,1,1,1,0,1,1,20260502,20260511,935
1,1,1,1,0,1,1,20260504,20260511,112
1,1,1,1,1,0,0,20260411,20260417,140
1,1,1,1,1,0,0,20260411,20260417,306
1,1,1,1,1,0,0,20260411,20260421,14
1,1,1,1,1,0,0,20260411,20260424,891
1,1,1,1,1,0,0,20260411,20260428,487
1,1,1,1,1,0,0,20260411,20260501,166
1,1,1,1,1,0,0,20260411,20260511,237
1,1,1,1,1,0,0,20260411,20260511,502
1,1,1,1,1,0,0,20260411,20260511,849
1,1,1,1,1,0,0,20260412,20260511,880
1,1,1,1,1,0,0,20260413,20260417,191
1,1,1,1,1,0,0,20260413,20260417,360
1,1,1,1,1,0,0,20260413,20260417,38
1,1,1,1,1,0,0,20260413,20260417,563
1,1,1,1,1,0,0,20260413,20260422,232
1,1,1,1,1,0,0,20260413,20260423,662
1,1,1,1,1,0,0,20260413,20260424,595
1,1,1,1,1,0,0,20260413,20260427,666
1,1,1,1,1,0,0,20260413,20260430,178
1,1,1,1,1,0,0,20260413,20260430,393
1,1,1,1,1,0,0,20260413,20260430,536
1,1,1,1,1,0,0,20260413,20260430,551
1,1,1,1,1,0,0,20260413,20260430,658
1,1,1,1,1,0,0,20260413,20260430,675
1,1,1,1,1,0,0,20260413,20260430,774
1,1,1,1,1,0,0,20260413,20260430,806
1,1,1,1,1,0,0,20260413,20260430,810
1,1,1,1,1,0,0,20260413,20260430,844
1,1,1,1,1,0,0,20260413,20260430,969
1,1,1,1,1,0,0,20260413,20260501,22
1,1,1,1,1,0,0,20260413,20260506,343
1,1,1,1,1,0,0,20260413,20260507,408
1,1,1,1,1,0,0,20260413,20260508,142
1,1,1,1,1,0,0,20260413,20260508,541
1,1,1,1,1,0,0,20260413,20260508,826
1,1,1,1,1,0,0,20260413,20260508,98
1,1,1,1,1,0,0,20260413,20260511,234
1,1,1,1,1,0,0,20260413,20260511,24
1,1,1,1,1,0,0,20260413,20260511,246
1,1,1,1,1,0,0,20260413,20260511,289
1,1,1,1,1,0,0,20260413,20260511,54
1,1,1,1,1,0,0,20260413,20260511,561
1,1,1,1,1,0,0,20260413,20260511,587
1,1,1,1,1,0,0,20260413,20260511,62
1,1,1,1,1,0,0,20260413,20260511,685
1,1,1,1,1,0,0,20260413,20260511,764
1,1,1,1,1,0,0,20260413,20260511,832
1,1,1,1,1,0,0,20260413,20260511,877
1,1,1,1,1,0,0,20260413,20260511,955
1,1,1,1,1,0,0,20260414,20260421,85
1,1,1,1,1,0,0,20260415,20260425,430
1,1,1,1,1,0,0,20260415,20260430,3
1,1,1,1,1,0,0,20260417,20260424,44
1,1,1,1,1,0,0,20260417,20260430,115
1,1,1,1,1,0,0,20260417,20260511,790
1,1,1,1,1,0,0,20260419,20260430,667
1,1,1,1,1,0,0,20260419,20260511,759
1,1,1,1,1,0,0,20260420,20260424,329
1,1,1,1,1,0,0,20260420,20260424,981
1,1,1,1,1,0,0,20260420,20260427,841
1,1,1,1,1,0,0,20260420,20260429,471
1,1,1,1,1,0,0,20260420,20260430,356
1,1,1,1,1,0,0,20260420,20260430,834
1,1,1,1,1,0,0,20260420,20260508,846
1,1,1,1,1,0,0,20260420,20260511,168
1,1,1,1,1,0,0,20260420,20260511,516
1,1,1,1,1,0,0,20260420,20260511,862
1,1,1,1,1,0,0,20260421,20260511,451
1,1,1,1,1,0,0,20260421,20260511,679
1,1,1,1,1,0,0,20260421,20260511,86
1,1,1,1,1,0,0,20260422,20260430,571
1,1,1,1,1,0,0,20260423,20260430,58
1,1,1,1,1,0,0,20260423,20260511,294
1,1,1,1,1,0,0,20260424,20260430,1
1,1,1,1,1,0,0,20260424,20260511,409
1,1,1,1,1,0,0,20260424,20260511,484
1,1,1,1,1,0,0,20260424,20260511,860
1,1,1,1,1,0,0,20260427,20260501,621
1,1,1,1,1,0,0,20260427,20260503,696
1,1,1,1,1,0,0,20260427,20260511,55
1,1,1,1,1,0,0,20260428,20260511,196
1,1,1,1,1,0,0,20260428,20260511,778
1,1,1,1,1,0,0,20260429,20260511,129
1,1,1,1,1,0,0,20260501,20260507,455
1,1,1,1,1,0,0,20260501,20260509,622
1,1,1,1,1,0,0,20260501,20260511,128
1,1,1,1,1,0,0,20260501,20260511,382
1,1,1,1,1,0,0,20260501,20260511,78
1,1,1,1,1,0,0,20260501,20260511,908
1,1,1,1,1,0,0,20260504,20260508,950
1,1,1,1,1,0,0,20260504,20260511,592
1,1,1,1,1,0,0,20260505,20260510,76
1,1,1,1,1,0,0,20260508,20260511,1003
1,1,1,1,1,0,1,20260411,20260417,663
1,1,1,1,1,0,1,20260411,20260417,864
1,1,1,1,1,0,1,20260411,20260417,925
1,1,1,1,1,0,1,20260411,20260419,884
1,1,1,1,1,0,1,20260411,20260511,68
1,1,1,1,1,0,1,20260412,20260417,261
1,1,1,1,1,0,1,20260412,20260423,34
1,1,1,1,1,0,1,20260412,20260430,380
1,1,1,1,1,0,1,20260412,20260430,931
1,1,1,1,1,0,1,20260412,20260501,800
1,1,1,1,1,0,1,20260412,20260503,878
1,1,1,1,1,0,1,20260412,20260506,734
1,1,1,1,1,0,1,20260412,20260511,125
1,1,1,1,1,0,1,20260412,20260511,250
1,1,1,1,1,0,1,20260412,20260511,368
1,1,1,1,1,0,1,20260412,20260511,504
1,1,1,1,1,0,1,20260412,20260511,801
1,1,1,1,1,0,1,20260412,20260511,927
1,1,1,1,1,0,1,20260413,20260421,934
1,1,1,1,1,0,1,20260413,20260430,132
1,1,1,1,1,0,1,20260413,20260430,526
1,1,1,1,1,0,1,20260413,20260430,762
1,1,1,1,1,0,1,20260417,20260430,930
1,1,1,1,1,0,1,20260417,20260430,984
1,1,1,1,1,0,1,20260418,20260424,821
1,1,1,1,1,0,1,20260418,20260510,201
1,1,1,1,1,0,1,20260419,20260427,321
1,1,1,1,1,0,1,20260419,20260427,601
1,1,1,1,1,0,1,20260423,20260430,73
1,1,1,1,1,0,1,20260424,20260511,1005
1,1,1,1,1,0,1,20260424,20260511,493
1,1,1,1,1,0,1,20260428,20260511,758
1,1,1,1,1,0,1,20260429,20260511,866
1,1,1,1,1,0,1,20260501,20260511,671
1,1,1,1,1,0,1,20260501,20260511,808
1,1,1,1,1,0,1,20260503,20260511,466
1,1,1,1,1,1,0,20260411,20260417,815
1,1,1,1,1,1,0,20260411,20260418,215
1,1,1,1,1,1,0,20260411,20260418,74
1,1,1,1,1,1,0,20260411,20260420,598
1,1,1,1,1,1,0,20260411,20260423,581
1,1,1,1,1,1,0,20260411,20260424,952
1,1,1,1,1,1,0,20260411,20260425,200
1,1,1,1,1,1,0,20260411,20260427,854
1,1,1,1,1,1,0,20260411,20260430,344
1,1,1,1,1,1,0,20260411,20260430,920
1,1,1,1,1,1,0,20260411,20260506,1020
1,1,1,1,1,1,0,20260411,20260506,514
1,1,1,1,1,1,0,20260411,20260511,424
1,1,1,1,1,1,0,20260411,20260511,648
1,1,1,1,1,1,0,20260411,20260511,772
1,1,1,1,1,1,0,20260411,20260511,926
1,1,1,1,1,1,0,20260411,20260511,988
1,1,1,1,1,1,0,20260413,20260418,628
1,1,1,1,1,1,0,20260413,20260419,607
1,1,1,1,1,1,0,20260413,20260422,503
1,1,1,1,1,1,0,20260413,20260430,303
1,1,1,1,1,1,0,20260413,20260430,53
1,1,1,1,1,1,0,20260413,20260430,656
1,1,1,1,1,1,0,20260413,20260502,442
1,1,1,1,1,1,0,20260413,20260511,855
1,1,1,1,1,1,0,20260418,20260425,229
1,1,1,1,1,1,0,20260418,20260427,363
1,1,1,1,1,1,0,20260418,20260430,553
1,1,1,1,1,1,0,20260418,20260509,82
1,1,1,1,1,1,0,20260418,20260511,497
1,1,1,1,1,1,0,20260419,20260430,859
1,1,1,1,1,1,0,20260419,20260511,881
1,1,1,1,1,1,0,20260420,20260425,419
1,1,1,1,1,1,0,20260420,20260425,842
1,1,1,1,1,1,0,20260420,20260427,812
1,1,1,1,1,1,0,20260420,20260511,701
1,1,1,1,1,1,0,20260420,20260511,737
1,1,1,1,1,1,0,20260420,20260511,888
1,1,1,1,1,1,0,20260423,20260430,577
1,1,1,1,1,1,0,20260424,20260511,318
1,1,1,1,1,1,0,20260424,20260511,400
1,1,1,1,1,1,0,20260425,20260427,316
1,1,1,1,1,1,0,20260425,20260427,555
1,1,1,1,1,1,0,20260427,20260511,350
1,1,1,1,1,1,0,20260428,20260511,633
1,1,1,1,1,1,0,20260501,20260511,351
1,1,1,1,1,1,0,20260501,20260511,902
1,1,1,1,1,1,0,20260501,20260511,993
1,1,1,1,1,1,0,20260502,20260511,1009
1,1,1,1,1,1,0,20260504,20260511,313
1,1,1,1,1,1,0,20260509,20260510,146
1,1,1,1,1,1,1,20260411,20260417,896
1,1,1,1,1,1,1,20260411,20260418,240
1,1,1,1,1,1,1,20260411,20260419,117
1,1,1,1,1,1,1,20260411,20260423,35
1,1,1,1,1,1,1,20260411,20260424,836
1,1,1,1,1,1,1,20260411,20260426,552
1,1,1,1,1,1,1,20260411,20260426,582
1,1,1,1,1,1,1,20260411,20260426,875
1,1,1,1,1,1,1,20260411,20260427,127
1,1,1,1,1,1,1,20260411,20260427,152
1,1,1,1,1,1,1,20260411,20260427,331
1,1,1,1,1,1,1,20260411,20260427,567
1,1,1,1,1,1,1,20260411,20260428,454
1,1,1,1,1,1,1,20260411,20260428,569
1,1,1,1,1,1,1,20260411,20260429,915
1,1,1,1,1,1,1,20260411,20260430,221
1,1,1,1,1,1,1,20260411,20260430,280
1,1,1,1,1,1,1,20260411,20260430,369
1,1,1,1,1,1,1,20260411,20260430,697
1,1,1,1,1,1,1,20260411,20260430,838
1,1,1,1,1,1,1,20260411,20260501,517
1,1,1,1,1,1,1,20260411,20260502,802
1,1,1,1,1,1,1,20260411,20260503,707
1,1,1,1,1,1,1,20260411,20260503,752
1,1,1,1,1,1,1,20260411,20260506,566
1,1,1,1,1,1,1,20260411,20260506,900
1,1,1,1,1,1,1,20260411,20260507,456
1,1,1,1,1,1,1,20260411,20260508,725
1,1,1,1,1,1,1,20260411,20260510,159
1,1,1,1,1,1,1,20260411,20260511,100
1,1,1,1,1,1,1,20260411,20260511,113
1,1,1,1,1,1,1,20260411,20260511,136
1,1,1,1,1,1,1,20260411,20260511,147
1,1,1,1,1,1,1,20260411,20260511,15
1,1,1,1,1,1,1,20260411,20260511,256
1,1,1,1,1,1,1,20260411,20260511,288
1,1,1,1,1,1,1,20260411,20260511,291
1,1,1,1,1,1,1,20260411,20260511,302
1,1,1,1,1,1,1,20260411,20260511,371
1,1,1,1,1,1,1,20260411,20260511,411
1,1,1,1,1,1,1,20260411,20260511,428
1,1,1,1,1,1,1,20260411,20260511,432
1,1,1,1,1,1,1,20260411,20260511,453
1,1,1,1,1,1,1,20260411,20260511,477
1,1,1,1,1,1,1,20260411,20260511,508
1,1,1,1,1,1,1,20260411,20260511,523
1,1,1,1,1,1,1,20260411,20260511,603
1,1,1,1,1,1,1,20260411,20260511,638
1,1,1,1,1,1,1,20260411,20260511,644
1,1,1,1,1,1,1,20260411,20260511,653
1,1,1,1,1,1,1,20260411,20260511,668
1,1,1,1,1,1,1,20260411,20260511,687
1,1,1,1,1,1,1,20260411,20260511,716
1,1,1,1,1,1,1,20260411,20260511,721
1,1,1,1,1,1,1,20260411,20260511,910
1,1,1,1,1,1,1,20260411,20260511,921
1,1,1,1,1,1,1,20260411,20260511,962
1,1,1,1,1,1,1,20260411,20260511,967
1,1,1,1,1,1,1,20260411,20260511,968
1,1,1,1,1,1,1,20260411,20260511,994
1,1,1,1,1,1,1,20260412,20260418,441
1,1,1,1,1,1,1,20260412,20260419,88
1,1,1,1,1,1,1,20260412,20260425,626
1,1,1,1,1,1,1,20260412,20260427,1013
1,1,1,1,1,1,1,20260412,20260430,181
1,1,1,1,1,1,1,20260412,20260511,738
1,1,1,1,1,1,1,20260412,20260511,990
1,1,1,1,1,1,1,20260413,20260419,463
1,1,1,1,1,1,1,20260413,20260421,613
1,1,1,1,1,1,1,20260413,20260422,394
1,1,1,1,1,1,1,20260413,20260423,753
1,1,1,1,1,1,1,20260413,20260427,292
1,1,1,1,1,1,1,20260413,20260430,474
1,1,1,1,1,1,1,20260413,20260503,45
1,1,1,1,1,1,1,20260413,20260503,867
1,1,1,1,1,1,1,20260413,20260511,176
1,1,1,1,1,1,1,20260413,20260511,228
1,1,1,1,1,1,1,20260413,20260511,23
1,1,1,1,1,1,1,20260413,20260511,338
1,1,1,1,1,1,1,20260413,20260511,446
1,1,1,1,1,1,1,20260413,20260511,492
1,1,1,1,1,1,1,20260413,20260511,543
1,1,1,1,1,1,1,20260413,20260511,547
1,1,1,1,1,1,1,20260413,20260511,784
1,1,1,1,1,1,1,20260413,20260511,819
1,1,1,1,1,1,1,20260413,20260511,923
1,1,1,1,1,1,1,20260414,20260423,319
1,1,1,1,1,1,1,20260414,20260424,490
1,1,1,1,1,1,1,20260414,20260427,2
1,1,1,1,1,1,1,20260414,20260511,749
1,1,1,1,1,1,1,20260414,20260511,939
1,1,1,1,1,1,1,20260415,20260511,326
1,1,1,1,1,1,1,20260415,20260511,522
1,1,1,1,1,1,1,20260416,20260428,402
1,1,1,1,1,1,1,20260416,20260506,518
1,1,1,1,1,1,1,20260417,20260427,811
1,1,1,1,1,1,1,20260417,20260430,824
1,1,1,1,1,1,1,20260417,20260511,425
1,1,1,1,1,1,1,20260417,20260511,494
1,1,1,1,1,1,1,20260417,20260511,593
1,1,1,1,1,1,1,20260418,20260424,52
1,1,1,1,1,1,1,20260418,20260425,158
1,1,1,1,1,1,1,20260418,20260427,839
1,1,1,1,1,1,1,20260418,20260430,1021
1,1,1,1,1,1,1,20260418,20260510,265
1,1,1,1,1,1,1,20260418,20260510,590
1,1,1,1,1,1,1,20260418,20260511,141
1,1,1,1,1,1,1,20260418,20260511,195
1,1,1,1,1,1,1,20260418,20260511,26
1,1,1,1,1,1,1,20260418,20260511,308
1,1,1,1,1,1,1,20260418,20260511,739
1,1,1,1,1,1,1,20260418,20260511,8
1,1,1,1,1,1,1,20260419,20260425,314
1,1,1,1,1,1,1,20260419,20260425,629
1,1,1,1,1,1,1,20260419,20260511,911
1,1,1,1,1,1,1,20260420,20260430,227
1,1,1,1,1,1,1,20260420,20260511,325
1,1,1,1,1,1,1,20260420,20260511,83
1,1,1,1,1,1,1,20260423,20260430,945
1,1,1,1,1,1,1,20260423,20260511,1010
1,1,1,1,1,1,1,20260424,20260430,286
1,1,1,1,1,1,1,20260424,20260502,423
1,1,1,1,1,1,1,20260424,20260506,175
1,1,1,1,1,1,1,20260424,20260511,506
1,1,1,1,1,1,1,20260424,20260511,728
1,1,1,1,1,1,1,20260424,20260511,92
1,1,1,1,1,1,1,20260425,20260511,625
1,1,1,1,1,1,1,20260426,20260502,614
1,1,1,1,1,1,1,20260426,20260503,63
1,1,1,1,1,1,1,20260426,20260511,584
1,1,1,1,1,1,1,20260426,20260511,786
1,1,1,1,1,1,1,20260427,20260503,540
1,1,1,1,1,1,1,20260427,20260507,219
1,1,1,1,1,1,1,20260427,20260511,507
1,1,1,1,1,1,1,20260428,20260507,646
1,1,1,1,1,1,1,20260428,20260511,560
1,1,1,1,1,1,1,20260429,20260506,126
1,1,1,1,1,1,1,20260429,20260511,672
1,1,1,1,1,1,1,20260501,20260507,27
1,1,1,1,1,1,1,20260501,20260509,765
1,1,1,1,1,1,1,20260501,20260511,352
1,1,1,1,1,1,1,20260502,20260508,953
1,1,1,1,1,1,1,20260502,20260511,589
1,1,1,1,1,1,1,20260502,20260511,882
1,1,1,1,1,1,1,20260503,20260510,118
1,1,1,1,1,1,1,20260503,20260510,639
1,1,1,1,1,1,1,20260503,20260511,948
1,1,1,1,1,1,1,20260504,20260511,278
1,1,1,1,1,1,1,20260504,20260511,805
