route_id,service_id,trip_id
1,123,1002853
1,13,1091314
1,13,556954
1,134,1514608
1,153,1323365
1,153,192221
1,153,98335
1,173,1412207
1,173,1511731
1,173,303228
1,173,501529
1,173,718642
1,173,827480
1,183,930529
1,208,123750
1,208,193637
1,210,1138533
1,228,1282271
1,228,788902
1,236,144814
1,241,1089439
1,241,1249408
1,241,600046
1,241,823401
1,243,1296670
1,243,1395942
1,243,289481
1,258,712089
1,266,93896
1,266,982102
1,303,711216
1,307,1041192
1,307,1420958
1,310,140815
1,310,32556
1,310,709811
1,317,909649
1,327,188669
1,327,30267
1,327,812410
1,327,876660
1,327,949368
1,332,1172746
1,352,789938
1,358,193416
1,358,345750
1,358,37506
1,358,379632
1,382,1202478
1,386,865976
1,388,325981
1,401,841362
1,414,1467196
1,414,47793
1,416,1127451
1,416,1203869
1,416,510766
1,420,1287575
1,427,1112001
1,427,1382902
1,458,1071686
1,458,114234
1,458,1427741
1,458,1485905
1,458,17973
1,458,180366
1,458,217922
1,458,308081
1,458,346331
1,458,346643
1,458,45652
1,458,508286
1,458,565885
1,458,614868
1,458,759227
1,458,865370
1,458,876838
1,458,995781
1,461,1097419
1,461,340717
1,473,140764
1,473,995639
1,474,1105754
1,474,1513402
1,474,228891
1,474,47651
1,480,1436928
1,486,815039
1,522,724352
1,527,654842
1,527,912566
1,529,1175402
1,529,19807
1,529,198526
1,532,1000994
1,532,102259
1,54,853447
1,570,1126288
1,570,196550
1,570,273506
1,570,382915
1,570,554628
1,605,528502
1,61,51420
1,62,163669
1,643,1104189
1,643,1152618
1,643,1219124
1,643,1253434
1,643,1270764
1,643,1276747
1,643,1298777
1,643,1365473
1,643,1450445
1,643,1458918
1,643,1488051
1,643,1510966
1,643,306066
1,643,421298
1,643,422410
1,643,47512
1,643,613226
1,643,711066
1,643,87490
1,657,1251232
1,658,1110732
1,670,324297
1,678,1420623
1,682,1431176
1,70,1422538
1,745,1325601
1,745,1354140
1,745,355080
1,745,994238
1,751,1378838
1,751,288928
1,766,1375601
1,766,696005
1,777,1432093
1,777,599283
1,78,667376
1,80,1312661
1,80,994641
1,807,302471
1,807,677579
1,807,837323
1,816,1420300
1,832,707199
1,848,463950
1,853,1119673
1,855,397873
1,867,382956
1,873,826521
1,877,539834
1,899,103738
1,899,1166994
1,899,651890
1,899,92488
1,902,951641
1,914,381495
1,914,710892
1,914,749168
1,919,13558
1,920,391708
1,942,828557
1,965,7426
10,1016,998668
10,119,853624
10,12,1053474
10,12,1228101
10,12,1303313
10,12,168351
10,12,660850
10,123,70322
10,126,324029
10,126,857547
10,126,970213
10,150,1032860
10,152,1417422
10,152,832251
10,175,638304
10,203,238760
10,203,841186
10,208,4497
10,223,1333404
10,224,1403643
10,225,371086
10,241,107257
10,241,189652
10,241,415123
10,243,573173
10,243,750004
10,258,1268766
10,258,491862
10,326,127020
10,337,1131148
10,337,823123
10,352,315297
10,352,585904
10,352,960503
10,358,1385239
10,371,1388528
10,385,855328
10,402,739069
10,404,1486107
10,459,1189167
10,459,1212994
10,480,1214715
10,505,1252254
10,505,1304818
10,505,1475886
10,505,549308
10,512,1206561
10,512,386896
10,518,140527
10,532,1341229
10,532,167780
10,532,352374
10,532,984441
10,560,1463671
10,560,885643
10,569,45079
10,578,1398882
10,629,1190242
10,643,1243038
10,660,297337
10,660,552009
10,678,1470426
10,678,461247
10,678,497331
10,688,122426
10,688,463242
10,688,663436
10,688,978051
10,690,1393340
10,690,893960
10,699,959327
10,751,617776
10,751,675499
10,760,813226
10,781,810298
10,783,1368060
10,850,1217592
10,850,1432447
10,850,787094
10,866,239363
10,871,288974
10,9,260111
10,913,506600
10,957,1390815
10,957,718021
10,989,1412004
10,989,205289
11,1012,130865
11,1016,702545
11,113,763751
11,153,314094
11,153,509816
11,240,1430039
11,313,779898
11,313,862616
11,320,471911
11,320,993498
11,334,351419
11,356,461142
11,358,61338
11,378,1232641
11,381,1417478
11,386,482974
11,386,678329
11,386,795436
11,440,1479792
11,457,487533
11,457,599379
11,466,211001
11,529,1364359
11,529,1439104
11,529,313944
11,529,441314
11,529,528723
11,529,533857
11,529,552661
11,529,637147
11,529,721212
11,529,930036
11,529,959051
11,537,1067952
11,589,1515851
11,589,368044
11,602,1457409
11,638,389149
11,668,409463
11,74,1465060
11,74,565731
11,740,509462
11,763,975737
11,769,1357836
11,769,2141
11,774,700232
11,777,1192512
11,777,350151
11,797,1262369
11,845,442942
11,899,1472280
11,899,921517
11,914,587031
11,923,371068
11,939,487330
11,95,1357878
11,989,1383674
11,989,753329
11,991,50579
11,997,55602
12,1005,1359803
12,1018,775938
12,148,491105
12,319,180793
12,34,443564
12,34,676966
12,35,1332354
12,400,1133205
12,400,1447625
12,448,993355
12,529,1106407
12,529,130130
12,529,143172
12,529,509061
12,529,509883
12,581,137177
12,581,351442
12,597,689428
12,643,918769
12,751,921947
12,92,1038869
12,92,1450651
12,989,717277
13,121,391253
13,121,467464
13,20,1093637
13,20,122457
13,20,1275876
13,20,1342182
13,20,1346109
13,20,1388650
13,20,1412271
13,20,1489860
13,20,164942
13,20,186315
13,20,334131
13,20,335956
13,20,542373
13,20,612647
13,250,1254773
13,332,1236025
13,332,405740
13,411,1007552
13,411,1018003
13,411,1236473
13,411,1434187
13,411,149140
13,411,347936
13,411,376689
13,411,476679
13,411,602973
13,411,622259
13,411,946775
13,411,968032
13,508,585960
13,632,339620
13,674,1250141
13,716,1356102
13,801,1146849
13,988,468796
13,988,90222
14,20,1359540
14,20,1469662
14,20,212178
14,20,467800
14,432,343149
14,432,344265
14,432,364433
14,432,604632
15,1014,1023457
15,128,1099904
15,128,285363
15,128,738808
15,149,1343331
15,231,1079211
15,369,571410
15,371,1166257
15,371,396659
15,371,552567
15,413,762411
15,424,1389817
15,455,1483861
15,5,268696
15,515,389886
15,529,962390
15,562,739795
15,64,362987
15,644,760145
15,68,666914
15,690,66886
15,730,1176752
15,752,1235465
15,752,1321038
15,752,27833
15,793,1354357
15,796,444470
15,822,1146961
15,823,148077
15,852,333672
15,858,1493715
15,878,1425230
15,90,1082461
15,908,1072163
15,952,1304028
15,967,1306525
15,994,1422199
15,999,1192031
16,153,1116941
16,153,1267948
16,183,183787
16,183,214033
16,458,613878
16,458,632639
16,56,431666
16,56,663063
16,592,515854
16,592,706250
16,595,227266
16,595,672360
16,643,430728
16,643,960798
16,895,344834
16,895,651165
17,1003,163655
17,105,1147439
17,113,1323056
17,113,441685
17,12,1359576
17,12,571136
17,139,126258
17,139,1503217
17,139,374422
17,139,453800
17,139,541249
17,139,740089
17,153,1001991
17,153,1068450
17,153,1100117
17,153,1109429
17,153,1118687
17,153,1137238
17,153,1192054
17,153,141410
17,153,1462589
17,153,298605
17,153,733882
17,153,767778
17,153,777060
17,170,694073
17,174,1439124
17,174,35624
17,20,241228
17,203,1460776
17,208,771738
17,217,1145707
17,235,402282
17,235,92229
17,253,389945
17,256,749146
17,291,396276
17,312,1451250
17,314,704068
17,327,805823
17,327,889410
17,329,1240356
17,38,450822
17,386,1521420
17,386,450336
17,386,623095
17,386,857064
17,386,863318
17,386,880814
17,392,1219196
17,395,1408943
17,404,341136
17,404,817167
17,405,1479191
17,428,1476730
17,428,643578
17,451,1133834
17,458,1317796
17,458,185587
17,458,728123
17,461,10745
17,461,1196845
17,461,326904
17,512,1007866
17,512,1237338
17,512,177260
17,512,255234
17,512,459520
17,512,545600
17,512,650126
17,512,669286
17,512,976258
17,529,1493344
17,529,175816
17,529,410730
17,529,631165
17,529,881828
17,540,1101413
17,540,1510249
17,540,312090
17,540,439331
17,540,474834
17,56,799966
17,592,1053596
17,599,715917
17,615,548970
17,62,408190
17,62,599636
17,621,1084037
17,640,106662
17,655,328855
17,663,1093793
17,681,683489
17,693,70384
17,706,508991
17,727,1174332
17,727,1279850
17,727,1301879
17,727,883974
17,737,946563
17,766,1375772
17,766,1504468
17,766,254524
17,766,613829
17,774,377182
17,789,62854
17,794,1339194
17,794,757610
17,794,858019
17,798,784676
17,803,75139
17,807,183956
17,815,109175
17,862,392599
17,873,1161864
17,873,961332
17,881,1481428
17,884,233208
17,89,992799
17,896,1203860
17,896,126908
17,896,1485098
17,899,839349
17,90,528303
17,927,1095854
17,954,319787
17,954,984025
17,966,1469917
17,966,740612
17,983,305563
18,148,1137635
18,148,389140
18,204,260352
18,368,491735
18,368,523117
18,371,1437142
18,38,933527
18,391,427813
18,427,106687
18,460,827931
18,523,130820
18,561,1349736
18,593,483709
18,625,1257032
18,648,494931
18,727,272089
18,745,79582
18,800,1229895
18,81,24753
18,892,1233842
18,941,681128
19,107,270462
19,21,442550
19,322,1481321
19,358,1121969
19,461,1459385
19,504,569449
19,561,1462819
19,648,1404555
19,826,796629
19,966,120227
2,371,1228049
2,371,271451
2,371,315151
2,371,33257
2,371,499603
2,371,576607
2,371,687137
2,371,775841
2,371,891810
2,371,947391
2,62,1013651
2,62,1016558
2,62,1089705
2,62,1469166
2,62,232481
2,62,792166
2,698,1341160
2,698,480921
2,698,808802
20,211,1266638
20,330,751940
20,352,1005152
20,380,903086
20,529,914180
20,589,666069
20,774,1253116
20,838,1216154
20,838,334027
20,838,554630
20,920,855293
20,932,231543
21,1019,167551
21,1020,527266
21,105,1405514
21,11,1108533
21,113,1124334
21,113,188513
21,113,321715
21,12,1036139
21,12,1062444
21,12,1068215
21,12,1160004
21,12,1183094
21,12,1229765
21,12,1235231
21,12,1282558
21,12,1317210
21,12,1469084
21,12,1502988
21,12,171153
21,12,186805
21,12,199669
21,12,209982
21,12,230381
21,12,258606
21,12,36266
21,12,380616
21,12,744719
21,12,764909
21,12,863546
21,12,96033
21,12,99165
21,13,564717
21,13,627746
21,13,984452
21,143,570326
21,148,564975
21,169,1293446
21,169,629144
21,169,657781
21,169,922296
21,171,306935
21,173,75031
21,193,1473374
21,199,37891
21,20,432125
21,208,975505
21,210,119487
21,241,1151588
21,241,1160457
21,241,225308
21,241,657253
21,249,1322721
21,268,292442
21,284,790895
21,298,1340068
21,301,1212718
21,301,1317582
21,304,148247
21,304,549425
21,304,598112
21,310,1097547
21,327,208557
21,337,1105381
21,343,85927
21,343,871773
21,358,1086572
21,358,1418214
21,358,594320
21,358,790980
21,358,931838
21,358,991851
21,378,1074762
21,386,1399849
21,386,264564
21,416,184960
21,427,452846
21,427,734210
21,427,911405
21,438,431370
21,439,1088041
21,439,1258330
21,473,1047010
21,473,808570
21,480,1250127
21,499,1315329
21,512,313305
21,513,862154
21,529,1018374
21,529,1083959
21,529,110031
21,529,1119446
21,529,1189624
21,529,123105
21,529,1289261
21,529,129568
21,529,1318150
21,529,1370833
21,529,1437849
21,529,1441156
21,529,1463420
21,529,1466249
21,529,1501708
21,529,171755
21,529,193494
21,529,19713
21,529,22130
21,529,28831
21,529,332518
21,529,346702
21,529,403431
21,529,453214
21,529,459620
21,529,50255
21,529,589459
21,529,619770
21,529,64679
21,529,652838
21,529,655831
21,529,742872
21,529,782553
21,529,789517
21,529,827421
21,529,865446
21,532,280476
21,545,148893
21,549,875795
21,566,1154300
21,566,1174698
21,566,1212201
21,566,1219312
21,566,1265439
21,566,1398718
21,566,1504776
21,566,173403
21,566,176567
21,566,373434
21,566,388817
21,566,415405
21,566,469427
21,566,641709
21,566,689633
21,566,786369
21,566,851819
21,566,881324
21,566,962378
21,570,1086477
21,611,1246819
21,62,1244407
21,62,305990
21,62,403230
21,626,61899
21,643,59211
21,65,985038
21,66,13840
21,676,32341
21,702,114931
21,702,1196533
21,702,119700
21,702,672134
21,730,346407
21,736,346254
21,745,1197072
21,745,1321186
21,745,303895
21,750,1479384
21,750,496941
21,751,1211053
21,751,1492241
21,751,25516
21,766,1421864
21,769,806063
21,775,1369397
21,775,1404262
21,781,1230577
21,80,182710
21,816,1215329
21,816,60286
21,825,837721
21,873,1231589
21,874,499152
21,892,1350986
21,900,1105110
21,914,1494811
21,914,1502425
21,983,446324
21,991,1067313
21,997,350191
21,998,1048062
21,998,52786
22,1006,793542
22,106,110922
22,106,1232554
22,106,1406239
22,106,381862
22,106,72575
22,123,873934
22,150,1166353
22,20,1106515
22,20,328914
22,208,1085914
22,208,1140246
22,208,1356358
22,208,1396597
22,208,1401347
22,208,1408751
22,208,16292
22,208,323016
22,208,346530
22,208,378558
22,208,533318
22,208,760375
22,208,824132
22,208,89637
22,208,941959
22,220,371
22,241,980936
22,248,1182292
22,248,1394762
22,248,34524
22,248,527973
22,286,411048
22,304,1050281
22,304,1189442
22,304,119798
22,304,1204040
22,304,128675
22,304,1312159
22,304,171187
22,304,261367
22,304,303360
22,304,340545
22,304,629040
22,304,76297
22,304,785339
22,304,87392
22,304,976816
22,310,1080417
22,310,1080480
22,310,315481
22,310,756696
22,310,9004
22,352,1062807
22,352,1420249
22,358,217113
22,358,992861
22,36,1239456
22,392,535115
22,416,972952
22,425,977325
22,458,845311
22,459,532700
22,461,1007615
22,461,824976
22,470,1229542
22,480,687871
22,486,333241
22,486,348389
22,486,590446
22,486,751768
22,491,1101745
22,491,1435479
22,491,604137
22,491,680238
22,500,1083463
22,512,143964
22,529,1117121
22,529,119021
22,529,1247257
22,529,1293107
22,529,1327968
22,529,1408400
22,529,1519688
22,529,216531
22,529,957830
22,532,1429274
22,576,1294835
22,576,482019
22,576,660954
22,576,944323
22,577,194999
22,58,481713
22,618,728728
22,642,29512
22,643,718933
22,66,1063039
22,66,118225
22,66,276651
22,66,341130
22,678,928040
22,727,1065486
22,73,1014300
22,73,1201705
22,73,612157
22,73,69032
22,73,774546
22,739,171559
22,745,104983
22,745,1438070
22,754,1101772
22,766,493324
22,777,981026
22,80,75629
22,807,1071481
22,813,134544
22,869,740802
22,873,1408580
22,922,1107884
22,945,1222556
22,945,1426908
22,945,223745
22,945,673560
22,945,80020
22,945,901426
22,951,1141971
22,951,1185612
22,951,1273232
22,951,1302982
22,951,1333505
22,951,1450107
22,951,180154
22,951,249224
22,951,428396
22,951,557599
22,951,7157
22,951,738402
22,951,845767
22,951,87663
22,951,965003
22,970,1371085
23,208,765473
23,239,1382700
24,529,1238199
24,589,316419
24,589,388803
25,13,906868
25,181,41890
25,208,454725
25,227,63644
25,474,44164
25,529,1082848
25,529,1265853
25,529,481078
25,589,1099044
25,589,1323536
25,589,328871
25,592,212345
25,643,1760
25,895,300734
26,1023,1427151
26,144,1017824
26,153,525831
26,235,1323727
26,30,3099
26,304,1143510
26,304,146643
26,304,88755
26,352,1269614
26,352,1319238
26,352,1330444
26,352,283068
26,352,313969
26,352,911537
26,358,878545
26,373,547432
26,383,870035
26,395,492078
26,401,1353933
26,401,246627
26,401,798516
26,439,1147160
26,458,67705
26,458,942565
26,554,169576
26,592,877204
26,643,1239645
26,667,137153
26,671,145403
26,70,1006461
26,70,287554
26,727,1301649
26,727,42975
26,727,487967
26,727,580189
26,727,821842
26,727,909383
26,80,266480
26,812,391639
26,827,938346
26,887,783373
26,895,1146735
26,947,960115
26,951,581131
26,981,1047818
26,981,1423357
26,981,184768
26,981,848397
27,1011,579664
27,107,15067
27,322,88114
27,358,148182
27,448,1317483
27,461,1145873
27,504,406927
27,561,1291039
27,648,1058858
27,826,967829
27,966,795396
28,152,1314993
28,152,553309
28,326,1394307
28,560,1281621
28,560,1328354
28,569,437675
28,751,12793
28,751,160162
28,866,1220220
28,871,1018872
28,9,688031
29,13,1079
29,24,1239127
29,371,1145969
29,371,1452063
29,371,44322
29,371,821836
29,371,924979
29,62,1001797
29,62,1207384
29,62,905206
29,62,943436
29,698,496480
29,698,841250
29,733,1450986
29,757,1303520
29,757,483711
29,892,327814
29,892,717177
29,892,95336
3,11,1409107
3,208,1057640
3,208,211157
3,353,1194714
3,458,1042458
3,458,1326370
3,473,1517573
3,485,1043706
3,485,1082889
3,485,1415093
3,485,630674
3,485,735230
3,495,140488
3,495,252208
3,560,1137665
3,560,1143079
3,574,821265
3,643,1059723
3,643,314926
3,670,1518195
3,670,486213
3,670,648746
3,745,261425
3,784,180175
3,807,727370
3,955,116905
3,955,471378
3,973,774098
30,115,580452
30,148,195409
30,148,614067
30,186,366666
30,208,126860
30,208,1320082
30,222,430864
30,243,128902
30,304,62586
30,327,30893
30,368,954974
30,371,438889
30,427,1014321
30,458,899595
30,460,1105067
30,485,1504838
30,523,921930
30,529,1072792
30,529,120627
30,529,139385
30,529,426425
30,589,341510
30,62,1228021
30,62,809530
30,643,1013926
30,648,1240251
30,678,540260
30,730,22279
30,745,647130
30,757,300140
30,800,140260
30,807,1053805
30,817,1314466
30,873,1347405
30,892,206607
30,94,1058780
30,941,1351220
30,951,777867
31,108,1240546
31,208,559608
31,242,75069
31,351,904130
31,352,1448163
31,352,1482577
31,365,1160723
31,403,949356
31,427,361319
31,458,498995
31,474,1052113
31,474,325031
31,474,96232
31,570,1315615
31,643,1282501
31,777,658338
32,1021,232724
32,1021,469852
32,141,323887
32,352,1251287
32,352,1265650
32,352,357323
32,458,817013
32,553,1052952
32,70,1235046
32,815,143615
32,896,127796
32,896,356729
32,896,562824
33,1016,123273
33,130,1028366
33,130,1161164
33,130,1236119
33,130,1245937
33,130,124682
33,130,1321860
33,130,282439
33,130,347596
33,130,436390
33,130,686542
33,138,194827
33,14,1481637
33,153,753201
33,16,1338928
33,162,330696
33,17,933015
33,208,1015123
33,208,1037138
33,208,10826
33,208,1243148
33,208,332216
33,208,51411
33,208,590344
33,208,619332
33,208,957668
33,208,991386
33,241,810620
33,243,129689
33,243,668214
33,243,852002
33,271,1179100
33,327,1159538
33,350,436362
33,358,144592
33,358,307584
33,377,164969
33,38,1131720
33,38,325219
33,38,566626
33,38,760185
33,38,944744
33,40,793189
33,427,384875
33,458,1028992
33,507,1076527
33,507,1105583
33,507,1220556
33,507,46763
33,507,859934
33,528,1324122
33,55,1509514
33,564,130779
33,570,523810
33,584,131622
33,584,1363749
33,584,1402760
33,584,1440131
33,584,370411
33,584,956074
33,643,1296051
33,643,617772
33,652,1476899
33,69,1461443
33,706,170495
33,722,1230745
33,724,1083830
33,724,1308846
33,724,1388409
33,724,46958
33,724,624795
33,724,705168
33,724,909434
33,807,1319290
33,85,1328797
33,856,701784
33,934,367663
33,934,627146
33,934,803595
33,956,819457
34,1016,1217776
34,11,1285628
34,11,1346158
34,11,1353019
34,11,1376977
34,11,174495
34,11,207120
34,11,326506
34,11,469631
34,11,731491
34,11,823628
34,11,96779
34,11,991409
34,114,969687
34,120,1023024
34,123,1028764
34,123,789272
34,127,1293730
34,127,1345769
34,127,247091
34,13,431067
34,138,125240
34,152,1296568
34,152,343879
34,163,825917
34,171,1408047
34,197,310208
34,209,1091527
34,235,368361
34,266,508015
34,281,7233
34,282,1378452
34,304,1040421
34,310,880173
34,316,1145181
34,316,1151070
34,352,1159665
34,352,231574
34,352,341318
34,352,394406
34,352,621866
34,352,634260
34,352,765139
34,352,971271
34,354,1072622
34,373,1190138
34,433,70216
34,433,911997
34,437,379782
34,439,1063139
34,439,1107371
34,439,124841
34,439,1296394
34,439,170073
34,439,18374
34,439,56650
34,439,579355
34,439,608345
34,439,620934
34,439,630895
34,439,649934
34,439,651416
34,439,67839
34,447,1053195
34,461,69334
34,480,18992
34,482,1283422
34,538,694312
34,560,1429787
34,660,224483
34,671,1224776
34,732,906718
34,765,177159
34,765,991585
34,766,664419
34,776,1103428
34,833,715781
34,840,1520442
34,841,537132
34,875,426023
34,914,248544
34,944,18144
34,99,233232
34,990,1393328
34,993,63865
35,121,692184
35,136,1479722
35,151,365172
35,173,861476
35,243,1364718
35,371,1229348
35,371,159763
35,371,261350
35,371,311559
35,371,327824
35,371,593426
35,458,517228
35,477,507637
35,579,844238
35,648,1297434
35,648,834442
35,653,1411151
35,653,1431547
35,653,536410
35,653,587282
35,653,659282
35,653,780854
35,72,999768
35,741,851749
35,751,1507570
35,809,391776
35,899,1172631
35,899,121135
35,899,1443770
35,899,186629
35,899,369423
35,899,423760
35,899,997980
35,938,1087078
36,716,1329659
37,442,653949
37,489,113091
38,1006,129261
38,108,964358
38,153,901958
38,165,630148
38,173,1190962
38,173,1247931
38,173,1369151
38,173,1450917
38,173,242425
38,173,320505
38,173,651020
38,173,661
38,173,694317
38,173,828954
38,178,28785
38,199,706237
38,203,661994
38,208,1009457
38,208,1013175
38,208,1038993
38,208,1139392
38,208,117448
38,208,126508
38,208,1429352
38,208,1488554
38,208,1494315
38,208,192443
38,208,224276
38,208,292947
38,208,359257
38,208,803504
38,208,828445
38,208,889353
38,208,900657
38,211,948113
38,243,1323825
38,258,1178349
38,258,533907
38,263,299443
38,269,1033445
38,272,358923
38,303,1066342
38,304,1331897
38,307,1131174
38,307,1249107
38,310,1902
38,327,1184361
38,327,521751
38,332,1497847
38,338,1493860
38,354,1362280
38,357,1266121
38,357,5327
38,358,110509
38,358,1318085
38,358,1474994
38,358,720444
38,358,740032
38,358,799240
38,358,904481
38,376,66581
38,386,677128
38,393,1313683
38,395,1046711
38,395,1106676
38,395,1391598
38,399,469535
38,401,189989
38,45,103821
38,474,611735
38,480,1392185
38,498,380049
38,526,814296
38,529,1149637
38,529,446794
38,529,675226
38,529,953680
38,543,978910
38,547,322168
38,551,295425
38,591,1263262
38,591,1512060
38,591,275143
38,591,781000
38,591,866277
38,592,1116151
38,608,282128
38,612,890352
38,62,1048161
38,643,1326826
38,643,1344639
38,643,1406284
38,643,747711
38,654,1296435
38,657,398326
38,670,1271133
38,681,189675
38,699,37766
38,70,1267075
38,70,1396707
38,704,1288231
38,711,101513
38,714,536872
38,730,1358377
38,730,168787
38,730,570989
38,730,682821
38,730,795114
38,730,806476
38,730,866317
38,745,106911
38,751,577003
38,764,1510507
38,774,1030242
38,806,335128
38,832,474785
38,855,1085444
38,873,1102343
38,873,1186830
38,873,1366449
38,873,1470936
38,873,281743
38,873,385727
38,873,694550
38,873,765048
38,873,902062
38,873,953392
38,876,626571
38,894,71949
38,898,1202946
38,898,145946
38,899,1360872
38,90,1359619
38,914,1316884
38,942,394864
38,972,908465
38,978,1261863
39,1008,1288773
39,1009,153553
39,105,176633
39,105,612964
39,105,762323
39,107,723524
39,11,501978
39,11,823813
39,12,1153258
39,12,1423476
39,12,278
39,12,548325
39,12,686397
39,13,1017163
39,13,280956
39,13,781340
39,139,176010
39,153,126027
39,153,179410
39,169,1141891
39,169,1359037
39,171,1326003
39,177,86225
39,18,543915
39,183,1084483
39,184,1364689
39,191,1419185
39,191,1482736
39,191,1512865
39,191,780887
39,192,1146559
39,203,1099412
39,208,1306889
39,210,1307943
39,211,1158279
39,211,1242207
39,211,28142
39,211,64779
39,211,910659
39,211,935081
39,211,952809
39,221,191550
39,241,104560
39,241,1270706
39,241,1424228
39,241,1495253
39,241,997475
39,243,776993
39,266,472621
39,266,572303
39,28,1321458
39,28,705381
39,28,787600
39,301,128734
39,304,162462
39,304,568980
39,307,994886
39,310,555460
39,310,833371
39,310,856794
39,327,1183823
39,327,371811
39,330,1139688
39,330,1169033
39,330,1313290
39,330,1491832
39,330,163024
39,330,258340
39,330,480404
39,330,593594
39,330,894006
39,337,1010506
39,337,13399
39,337,142322
39,337,347077
39,337,355363
39,337,530221
39,337,649548
39,337,666254
39,337,801687
39,337,997948
39,341,757749
39,343,21485
39,343,400855
39,354,601515
39,358,1032618
39,358,389026
39,358,660780
39,38,631224
39,384,715105
39,386,71906
39,386,80995
39,416,1018586
39,427,722595
39,458,1250777
39,458,487212
39,461,1304119
39,461,1395300
39,461,757126
39,473,1465651
39,473,844728
39,480,1035051
39,480,1093474
39,480,1184224
39,480,1373030
39,480,284033
39,480,291339
39,480,572111
39,480,615830
39,480,933919
39,50,1059502
39,512,571064
39,529,1020774
39,529,1033451
39,529,1047489
39,529,1091954
39,529,1165208
39,529,1200681
39,529,224516
39,529,334399
39,529,408468
39,529,428555
39,529,445123
39,529,521170
39,529,628050
39,529,668360
39,529,71170
39,529,795804
39,529,85520
39,529,887391
39,529,906118
39,529,919592
39,529,958959
39,531,103634
39,531,1162430
39,531,17465
39,531,672499
39,531,840063
39,531,992664
39,532,1341410
39,536,532249
39,556,644151
39,570,1414063
39,570,663897
39,570,781915
39,589,1004734
39,589,1310741
39,589,594620
39,592,693397
39,605,178642
39,605,627964
39,619,1011840
39,62,930870
39,643,371080
39,643,949716
39,670,811511
39,676,631390
39,676,826852
39,678,191460
39,688,564624
39,702,1451609
39,702,328553
39,71,431708
39,71,623415
39,71,936658
39,723,459762
39,723,991969
39,730,910422
39,734,353794
39,745,180368
39,750,1037267
39,750,35471
39,750,40853
39,750,550926
39,751,219661
39,766,672523
39,766,837142
39,774,1102534
39,774,385531
39,774,399809
39,774,460925
39,774,552059
39,774,732075
39,777,721084
39,777,924134
39,788,546094
39,80,1239358
39,80,406630
39,807,168094
39,816,1039578
39,816,1163733
39,816,631477
39,816,892570
39,825,692432
39,838,392994
39,838,999744
39,848,380012
39,873,1506927
39,873,183296
39,873,587980
39,895,1113154
39,895,117417
39,895,123994
39,899,1020531
39,899,111633
39,899,554633
39,899,608005
39,899,730741
39,899,822799
39,906,1137817
39,914,1219866
39,914,1259669
39,914,313459
39,914,839588
39,914,963208
39,920,1506675
39,920,172666
39,920,379152
39,928,1129454
39,928,266231
39,928,361421
39,928,394649
39,928,659261
39,928,81962
39,928,855122
39,928,971738
39,932,1332805
39,932,518208
39,932,932479
39,950,474549
39,963,103284
39,978,357989
39,981,1039688
39,981,108043
39,981,1412488
39,981,1464683
39,981,1465331
39,981,212075
39,981,807107
39,981,853682
39,981,86776
39,981,972705
39,981,998975
39,983,1172355
39,983,1271545
39,983,1294468
39,983,410130
39,983,7809
39,983,801487
39,983,842864
39,983,993404
4,208,1280081
4,208,733378
4,239,1302812
4,496,809228
4,680,1072659
4,777,463106
40,1,1060788
40,1,669595
40,1021,367535
40,108,401905
40,123,131811
40,13,1414285
40,139,1017753
40,139,315452
40,154,943584
40,183,1156265
40,183,420618
40,183,604184
40,183,61586
40,183,835259
40,194,999712
40,195,1088568
40,20,1457188
40,202,1298695
40,203,1324595
40,208,289150
40,208,337536
40,208,777029
40,219,1016078
40,241,1498966
40,27,755557
40,277,182362
40,277,278896
40,277,480757
40,277,631205
40,277,926702
40,299,546304
40,304,1234830
40,304,1518761
40,310,347559
40,310,380893
40,327,310241
40,327,743603
40,332,173885
40,332,199100
40,336,850372
40,337,1105582
40,337,676030
40,337,993441
40,358,164659
40,358,693934
40,359,561360
40,38,657601
40,38,836695
40,389,1228626
40,392,489595
40,416,1510723
40,427,1459607
40,427,475044
40,427,497846
40,461,1451652
40,461,618683
40,461,86650
40,463,729208
40,480,1040579
40,480,116649
40,480,1362636
40,485,1161513
40,485,239465
40,491,490428
40,498,475656
40,50,1397472
40,525,1332644
40,529,1236729
40,529,1362491
40,529,1377972
40,529,476775
40,529,6608
40,529,814232
40,529,903332
40,552,1083262
40,566,987065
40,582,37154
40,582,520379
40,582,608172
40,582,64795
40,582,657560
40,582,783416
40,607,1266301
40,621,1076080
40,621,1093195
40,642,1004286
40,643,1462799
40,66,1067421
40,66,1270823
40,66,1285028
40,66,299105
40,66,699002
40,66,915374
40,670,278429
40,696,745338
40,725,945104
40,740,1211976
40,740,318563
40,751,1284176
40,766,745519
40,871,998031
40,873,1112450
40,873,59573
40,890,1422726
40,90,538806
40,90,900104
40,928,1366032
40,961,550653
40,963,339300
40,983,345672
40,996,152478
41,124,1255215
41,125,120848
41,152,1062087
41,152,1309096
41,153,1038651
41,171,438154
41,208,1075286
41,208,1217268
41,208,1245808
41,208,1289350
41,208,51179
41,208,762024
41,208,77642
41,208,864998
41,208,894043
41,208,903643
41,208,983535
41,22,438164
41,230,1367217
41,261,1272631
41,261,1373326
41,264,1105158
41,266,416953
41,266,914829
41,277,959900
41,28,554721
41,295,322962
41,304,922897
41,321,368054
41,339,1357409
41,340,254950
41,352,129373
41,352,1386858
41,352,1430454
41,352,1517750
41,352,176329
41,352,215925
41,352,238830
41,352,452839
41,352,49424
41,352,626105
41,352,862952
41,352,952035
41,358,839045
41,359,1358693
41,363,111657
41,371,1186935
41,38,1096958
41,38,1323853
41,38,132836
41,38,1341386
41,38,241097
41,38,683217
41,38,758500
41,382,133029
41,386,190544
41,395,609206
41,404,563342
41,416,295784
41,416,706763
41,439,1101556
41,439,1132905
41,439,1156892
41,439,1160771
41,439,1353267
41,439,140202
41,439,1444835
41,439,1461078
41,439,1477874
41,439,1502975
41,439,196095
41,439,210477
41,439,302415
41,439,470106
41,439,601476
41,439,672440
41,439,673351
41,439,702527
41,449,964267
41,458,1131059
41,458,809027
41,458,948253
41,466,402999
41,466,850168
41,485,1183164
41,485,1209403
41,485,134151
41,485,285769
41,485,305129
41,485,31065
41,485,420823
41,485,430357
41,485,50386
41,485,626995
41,495,1201446
41,495,388035
41,495,429874
41,500,1252899
41,512,469022
41,529,157043
41,529,880995
41,529,916522
41,560,1228034
41,563,1146306
41,592,328535
41,627,983221
41,642,1414450
41,642,52514
41,643,1072418
41,643,1105659
41,643,1353248
41,643,1384211
41,643,302248
41,643,810290
41,646,1401544
41,66,1322691
41,66,992011
41,670,1158350
41,670,1161915
41,670,143900
41,670,458860
41,670,717318
41,670,726367
41,670,814219
41,670,91068
41,698,921919
41,70,388790
41,723,1280232
41,770,1238367
41,777,1312984
41,777,542150
41,777,941157
41,80,72039
41,815,1411924
41,816,926287
41,837,1248064
41,839,1091440
41,839,1213389
41,839,130198
41,839,1468589
41,839,275260
41,839,311520
41,839,709077
41,841,1392248
41,841,1479578
41,841,222274
41,841,236013
41,841,842350
41,841,947595
41,862,559254
41,865,531062
41,879,167919
41,882,78729
41,895,682406
41,896,1094618
41,896,1115084
41,896,350634
41,896,437346
41,896,469077
41,896,759608
41,910,312509
41,914,1417936
41,914,418378
41,914,842269
41,935,1484105
41,935,504635
41,955,689227
41,961,582590
42,102,803837
42,1021,1147453
42,1021,1454442
42,141,1058665
42,141,1454799
42,153,1208537
42,208,1074213
42,208,1217628
42,208,1232120
42,208,1429100
42,208,1448815
42,208,1477477
42,208,469210
42,208,516928
42,208,591906
42,208,711109
42,208,74181
42,208,776161
42,208,817024
42,208,926683
42,228,1014974
42,228,1076124
42,228,237089
42,228,878938
42,233,542596
42,240,199563
42,243,1493954
42,243,773777
42,266,745448
42,288,1156343
42,309,634989
42,352,1154973
42,352,1240440
42,352,163457
42,352,166685
42,352,21341
42,352,439967
42,352,503327
42,352,719053
42,358,1311098
42,358,776026
42,362,1092542
42,371,845295
42,38,1310773
42,38,416609
42,38,586524
42,38,947845
42,386,1359393
42,395,1252096
42,474,16073
42,474,234396
42,474,27940
42,474,471713
42,526,142384
42,532,1063968
42,532,25349
42,532,429664
42,689,49360
42,690,634794
42,691,1298557
42,745,933721
42,769,917704
42,807,1182381
42,914,1473810
42,914,641953
43,1006,1236774
43,1009,335977
43,1021,1428083
43,1021,1465694
43,1022,1047482
43,11,388529
43,11,405133
43,110,130374
43,110,381156
43,110,433567
43,115,993684
43,12,1369434
43,12,723346
43,13,836602
43,131,461581
43,148,1360325
43,153,48742
43,153,526591
43,171,273376
43,171,311418
43,183,1512768
43,195,1045243
43,195,1097421
43,195,48433
43,199,667968
43,208,115514
43,208,1456094
43,208,1468655
43,208,48009
43,208,50049
43,208,575916
43,208,613980
43,208,84996
43,208,954763
43,208,956589
43,212,199458
43,223,1030175
43,241,1006486
43,241,34443
43,243,1102243
43,243,1441668
43,243,1468601
43,243,935045
43,249,1048113
43,274,1026560
43,304,1254222
43,304,1292197
43,310,504397
43,310,53179
43,327,1001316
43,327,1107721
43,333,721837
43,337,1440895
43,341,731922
43,344,1203256
43,356,1410854
43,356,166561
43,356,547878
43,358,1089712
43,358,204816
43,358,487770
43,374,421254
43,375,299021
43,38,1077302
43,38,1355121
43,38,1513256
43,38,292646
43,38,315212
43,38,399003
43,38,714242
43,38,976389
43,382,1347504
43,458,764695
43,473,1033286
43,483,705770
43,485,1019613
43,485,1160236
43,485,1163174
43,512,447658
43,512,88066
43,529,1032604
43,529,1104363
43,529,1197626
43,529,267241
43,529,297211
43,529,31835
43,529,340674
43,529,422277
43,529,451464
43,529,645847
43,529,780743
43,529,781223
43,529,791992
43,529,894351
43,529,89512
43,529,930296
43,529,951273
43,532,1207119
43,532,1270391
43,532,883544
43,553,1084351
43,570,571661
43,571,400841
43,589,257770
43,591,637359
43,592,1051638
43,592,1334131
43,592,2918
43,592,828065
43,605,1868
43,605,530071
43,623,1345094
43,664,853506
43,670,1098980
43,673,391803
43,678,240659
43,678,883706
43,688,1153526
43,690,1213780
43,698,291607
43,70,1000507
43,702,916556
43,708,1177336
43,726,556165
43,727,1230405
43,745,1512566
43,745,453814
43,751,1005603
43,777,148187
43,781,1310796
43,80,663732
43,80,775144
43,815,656517
43,816,1456683
43,816,173761
43,816,730720
43,825,1378363
43,857,554412
43,862,1072255
43,862,308355
43,862,374032
43,862,690001
43,896,1011523
43,896,1060846
43,896,1355884
43,896,145394
43,896,1495772
43,896,1496895
43,896,285076
43,896,325449
43,896,328545
43,896,559925
43,896,570133
43,896,574368
43,896,621572
43,896,677389
43,896,68951
43,896,700279
43,896,712995
43,896,721497
43,896,73760
43,899,1386673
43,899,218059
43,899,310435
43,899,337119
43,899,707239
43,914,1446777
43,914,292216
43,928,1377020
43,928,442932
43,932,797955
43,95,1514256
43,978,864292
43,983,916998
43,983,933378
43,998,1493782
44,115,1132245
44,115,861626
44,208,710836
44,222,1019638
44,280,1360060
44,304,1244473
44,352,1059138
44,352,1106450
44,352,1217677
44,352,65685
44,395,214138
44,458,561044
44,474,857807
44,485,1003362
44,485,1436849
44,485,300112
44,554,577084
44,592,1010588
44,592,969939
44,745,548516
44,824,1464486
44,895,1252605
44,895,629728
44,981,93184
44,984,308620
45,232,309858
45,232,679383
45,294,207530
45,294,967656
45,301,255242
45,38,1441879
45,392,721368
45,392,954618
45,448,1416213
45,450,564243
45,458,291423
45,58,1158005
45,643,742006
45,682,1462511
45,995,190091
46,153,945147
46,208,1066073
46,218,833915
46,31,173277
46,341,840549
46,371,974550
46,643,661184
46,731,683278
46,873,645496
46,885,1494451
46,886,997291
46,964,1364712
46,966,1255109
46,987,210256
47,101,41011
47,13,1093502
47,13,743552
47,135,1078341
47,15,542839
47,153,306452
47,155,573158
47,183,144309
47,183,76724
47,200,1146856
47,211,1425269
47,211,236275
47,211,337361
47,229,183871
47,241,1112139
47,243,834914
47,259,726587
47,261,937474
47,266,1469586
47,266,177893
47,266,506028
47,300,106533
47,307,1338505
47,310,1078176
47,320,1400426
47,321,254308
47,330,934977
47,352,1212535
47,352,1236763
47,352,184556
47,352,189987
47,352,252130
47,352,252610
47,352,389159
47,352,519446
47,352,67070
47,352,700287
47,352,858940
47,358,501109
47,363,732130
47,371,854989
47,371,873050
47,378,1248488
47,38,1046945
47,38,201499
47,382,1187940
47,382,1276154
47,382,1304121
47,395,96231
47,417,1055505
47,439,1134367
47,439,1171173
47,439,1185921
47,439,1186033
47,439,1357885
47,439,1384674
47,439,168983
47,439,364121
47,439,472432
47,439,540065
47,439,699185
47,439,768998
47,439,797954
47,439,919376
47,458,1045432
47,458,336044
47,458,484991
47,458,616091
47,461,1174997
47,461,491241
47,466,1227449
47,480,1137543
47,480,1322888
47,512,1168556
47,532,532915
47,589,1067650
47,592,1166608
47,592,649979
47,595,1367179
47,595,1462556
47,602,1017729
47,605,856966
47,622,370635
47,643,1418265
47,643,159404
47,643,648028
47,665,645714
47,687,820435
47,70,149430
47,70,42325
47,70,916249
47,723,61866
47,723,961476
47,747,1117319
47,766,902348
47,769,1060278
47,769,509629
47,772,1361871
47,774,1356973
47,811,1178263
47,815,1090890
47,815,32279
47,815,585829
47,838,81783
47,839,1433340
47,839,145367
47,839,466232
47,839,657918
47,847,1258988
47,896,339433
47,896,510432
47,896,750125
47,896,758284
47,926,779517
47,95,202629
47,975,1023712
47,978,1249228
47,980,178729
48,1000,1283762
48,1004,1433157
48,1015,992181
48,108,1247590
48,108,822463
48,11,888870
48,123,181080
48,13,1112763
48,13,414837
48,13,681855
48,13,80041
48,139,779200
48,152,1034378
48,152,1183318
48,152,1220196
48,152,1257677
48,152,1450103
48,152,1487637
48,152,178670
48,152,206513
48,152,229232
48,152,449896
48,152,45062
48,152,472694
48,152,506713
48,152,652671
48,152,716017
48,152,787514
48,152,812841
48,152,893412
48,153,1094474
48,153,1511850
48,153,247197
48,153,448881
48,153,695102
48,153,814415
48,160,20818
48,171,1146360
48,171,1254047
48,171,198175
48,171,253905
48,186,1118279
48,209,145258
48,215,24836
48,236,7106
48,241,151245
48,241,57138
48,241,720348
48,241,965096
48,241,989485
48,243,34046
48,243,835272
48,243,95250
48,245,506987
48,249,491513
48,25,1108955
48,258,40142
48,264,1101125
48,266,1422770
48,266,1447811
48,266,504029
48,266,675730
48,266,9445
48,266,96260
48,279,344742
48,284,17849
48,304,1098749
48,304,1164939
48,304,358395
48,304,507734
48,307,1052494
48,307,1085940
48,307,804371
48,315,1383973
48,327,1038670
48,327,1442634
48,327,1507581
48,327,797352
48,327,809984
48,330,1388212
48,332,1172092
48,332,210536
48,332,583350
48,337,1189599
48,337,724551
48,358,1392433
48,358,314
48,358,398164
48,358,627173
48,358,937400
48,386,1293506
48,386,657144
48,395,1048389
48,403,1325160
48,410,1125925
48,416,1494838
48,419,1371755
48,426,1107538
48,431,439472
48,441,275938
48,458,135855
48,458,624977
48,461,1251991
48,461,163945
48,461,442790
48,461,632263
48,461,751429
48,461,940534
48,463,1323155
48,463,449310
48,473,1475470
48,473,503138
48,473,807830
48,480,525309
48,480,959868
48,5,1027743
48,5,1173752
48,5,1237079
48,5,1244890
48,5,143633
48,5,184769
48,5,191974
48,5,226391
48,5,264250
48,5,273383
48,5,280412
48,5,422204
48,5,434179
48,5,437022
48,5,522069
48,5,558467
48,5,710278
48,5,76227
48,5,778692
48,5,915677
48,5,940250
48,5,964042
48,5,977704
48,527,1448778
48,529,1015510
48,529,1030225
48,529,1055597
48,529,1141571
48,529,1159374
48,529,1223049
48,529,1320157
48,529,1331707
48,529,148712
48,529,1495845
48,529,185852
48,529,205463
48,529,261687
48,529,278787
48,529,283493
48,529,323196
48,529,337642
48,529,363581
48,529,371573
48,529,436653
48,529,46331
48,529,46432
48,529,500402
48,529,54361
48,529,613457
48,529,673260
48,529,683802
48,529,717652
48,529,770904
48,529,926382
48,532,947129
48,550,771277
48,555,1348027
48,555,1370673
48,560,115059
48,567,743138
48,57,1057763
48,570,1044376
48,570,1064148
48,570,1114800
48,582,1404449
48,594,1321744
48,595,1346344
48,598,1456684
48,602,156254
48,605,1025073
48,605,155520
48,606,1155940
48,606,521317
48,611,1090909
48,611,1450551
48,635,244560
48,642,156630
48,643,1150036
48,643,1158905
48,643,1320957
48,643,1468296
48,643,202662
48,643,622364
48,643,821040
48,666,64531
48,700,1175078
48,723,1373762
48,729,1348307
48,745,1041022
48,75,1078690
48,750,246634
48,751,1477451
48,751,1520321
48,751,320458
48,769,504882
48,769,733147
48,77,685680
48,773,162450
48,777,284418
48,777,850064
48,778,649447
48,781,578890
48,80,1142148
48,80,233867
48,80,369368
48,807,1247472
48,807,270658
48,807,402828
48,816,271652
48,816,340419
48,816,409628
48,816,437471
48,816,873258
48,817,667789
48,854,1261325
48,868,686140
48,87,1109199
48,907,1356355
48,914,1167510
48,914,1464569
48,914,228335
48,914,310038
48,914,408114
48,914,812518
48,914,815900
48,914,874352
48,914,883226
48,940,1181721
48,95,373912
48,966,1239343
48,978,819773
49,108,1503728
49,139,1183726
49,139,1418564
49,139,1430113
49,139,1461669
49,139,27381
49,139,329524
49,139,536722
49,139,872432
49,160,413390
49,160,595976
49,185,882488
49,20,1300594
49,20,1340277
49,20,34161
49,20,387910
49,20,437463
49,20,495357
49,20,497175
49,20,58118
49,20,65641
49,20,669121
49,20,872249
49,208,1135263
49,277,264240
49,277,300849
49,277,565518
49,29,1013411
49,29,1377388
49,29,866628
49,332,1271040
49,358,1275969
49,38,781676
49,389,795432
49,390,741619
49,396,213641
49,401,1236260
49,401,1254423
49,401,801178
49,401,997539
49,411,1004801
49,427,1089244
49,427,304853
49,456,460890
49,461,1094567
49,461,183910
49,461,487118
49,461,516836
49,461,715135
49,461,797656
49,463,850535
49,480,1303534
49,480,730495
49,517,440071
49,525,831748
49,540,1147908
49,540,158786
49,540,968197
49,552,637744
49,607,740799
49,615,1013673
49,621,19585
49,621,942727
49,63,1369588
49,642,1498355
49,643,133626
49,643,236752
49,681,946222
49,727,123016
49,727,1366010
49,727,1459756
49,727,288597
49,727,428279
49,727,519096
49,740,547117
49,750,1323907
49,750,213862
49,750,701804
49,774,256881
49,794,1210250
49,802,1504678
49,814,1484577
49,814,982701
49,820,864672
49,871,614285
49,871,937172
49,873,721703
49,873,887222
49,896,925350
49,961,776451
49,971,59893
5,1014,435426
5,128,1005886
5,128,1231445
5,128,175307
5,128,245358
5,128,484591
5,128,599115
5,231,687121
5,304,1321021
5,349,1036163
5,36,1069627
5,369,1107633
5,369,125251
5,369,1313607
5,369,1431500
5,369,909425
5,369,955932
5,413,247619
5,424,112016
5,455,677534
5,511,202324
5,519,476535
5,529,183256
5,529,336982
5,562,1237208
5,6,105662
5,64,477629
5,644,947902
5,66,1208816
5,68,944356
5,730,1078391
5,756,999020
5,777,391798
5,796,1338166
5,822,1309753
5,852,989676
5,858,1157988
5,858,1160663
5,858,1474165
5,858,184664
5,858,217440
5,858,448710
5,858,525712
5,858,912189
5,858,964635
5,891,1404957
5,908,735464
5,914,942262
5,967,1109658
5,967,700179
5,994,303976
5,999,745459
50,1006,606908
50,1010,354117
50,1016,1374510
50,104,1451901
50,109,1032254
50,11,1009361
50,12,401016
50,13,1050241
50,13,1070674
50,13,1266007
50,13,202970
50,13,440178
50,13,905039
50,145,1281413
50,149,891808
50,167,1399535
50,195,1205361
50,208,1275793
50,208,1356796
50,208,1361482
50,208,1432842
50,208,168099
50,208,346320
50,208,388413
50,208,463279
50,208,479070
50,208,515157
50,208,566316
50,208,661279
50,208,677312
50,208,81240
50,208,912141
50,214,1020429
50,214,148845
50,214,194057
50,214,614505
50,214,869579
50,214,935555
50,214,966386
50,241,1062279
50,243,1064230
50,243,1287342
50,243,1471116
50,243,425727
50,243,919483
50,249,1092818
50,251,135029
50,258,1113360
50,258,133631
50,266,1285650
50,266,698785
50,278,922883
50,283,1250380
50,285,72304
50,293,1098252
50,293,930824
50,301,10181
50,304,10415
50,304,1089371
50,304,1187068
50,304,1293437
50,304,1344198
50,304,1349725
50,304,1450662
50,304,1459948
50,304,194041
50,304,429610
50,304,536569
50,304,600992
50,304,654326
50,304,68170
50,304,769725
50,307,1010489
50,307,1442183
50,307,603763
50,308,360110
50,310,1467391
50,310,32411
50,327,1514499
50,327,65149
50,327,784909
50,328,235791
50,358,892632
50,378,405409
50,379,782084
50,398,232750
50,416,736209
50,427,1533
50,427,270047
50,427,674016
50,427,983897
50,438,1161299
50,438,1219257
50,438,1325345
50,438,171700
50,438,353685
50,438,653579
50,438,782361
50,438,787455
50,438,96914
50,458,1073832
50,458,125422
50,458,158144
50,458,19811
50,458,380543
50,458,944310
50,459,1056092
50,459,704248
50,461,949323
50,473,968853
50,478,706365
50,480,1094721
50,480,1507293
50,480,51944
50,500,620002
50,52,1013736
50,52,1417800
50,52,328445
50,52,356471
50,52,382255
50,52,426901
50,52,950202
50,529,1251154
50,529,1341241
50,529,1347852
50,529,1445202
50,529,1489456
50,529,150488
50,529,211149
50,529,226086
50,529,23790
50,529,360676
50,529,370061
50,529,437368
50,529,529490
50,529,72462
50,529,771535
50,529,820069
50,529,841681
50,529,911718
50,529,99868
50,532,1439809
50,532,173528
50,532,756194
50,570,1027615
50,570,704691
50,578,1510916
50,578,1513572
50,585,60411
50,589,281091
50,591,326636
50,604,992318
50,616,1425476
50,623,622785
50,636,1215600
50,643,1215144
50,643,1227241
50,643,1499834
50,643,384350
50,643,427965
50,643,7017
50,643,788989
50,678,33375
50,688,17038
50,694,505881
50,702,1411768
50,730,660897
50,730,784441
50,745,1019763
50,745,1474484
50,745,520142
50,745,770800
50,751,910669
50,766,1496936
50,766,28656
50,766,397335
50,770,141909
50,781,1220715
50,781,306990
50,781,699295
50,782,505938
50,80,1191574
50,803,813621
50,807,1133820
50,807,258610
50,807,767439
50,816,446084
50,818,794108
50,819,993220
50,873,1356900
50,893,207418
50,90,1290943
50,901,1233989
50,914,1223542
50,916,1440742
50,916,246012
50,928,123520
50,945,1228812
50,951,1111961
50,951,1116511
50,951,1193121
50,951,1225789
50,951,1248275
50,951,130729
50,951,1316235
50,951,241108
50,951,321688
50,951,460539
50,951,590093
50,951,860839
50,951,984016
50,953,1326864
50,953,1401822
50,953,176508
50,953,391384
50,953,433602
50,953,672575
50,979,361363
51,1009,1485279
51,1009,449525
51,1016,1402929
51,1017,904764
51,108,1189348
51,108,148695
51,108,791304
51,11,98167
51,112,1098867
51,113,1385498
51,113,625089
51,13,1342158
51,13,611224
51,13,681304
51,13,806141
51,153,1196432
51,153,1392367
51,160,358403
51,169,1147851
51,181,1195446
51,181,1490085
51,181,372222
51,181,578495
51,182,1027862
51,199,993711
51,203,113259
51,210,169713
51,211,368527
51,211,483216
51,241,1190403
51,241,1361400
51,241,388095
51,241,502426
51,241,640610
51,241,830314
51,243,1024313
51,243,1327791
51,243,919127
51,249,351230
51,258,1072849
51,258,1295800
51,258,589061
51,266,709429
51,266,989438
51,301,233759
51,304,1042650
51,304,1092407
51,304,358664
51,307,439126
51,310,1341644
51,310,455215
51,310,563230
51,327,658754
51,327,788398
51,327,839554
51,327,853018
51,332,181894
51,332,41841
51,358,790082
51,376,544254
51,38,1454496
51,386,1247000
51,39,548087
51,403,318904
51,416,1197347
51,416,1355542
51,427,1000091
51,427,1295322
51,427,713553
51,427,921678
51,430,394048
51,435,440055
51,458,1443872
51,458,195826
51,458,728795
51,461,112764
51,461,138848
51,461,1471207
51,461,1488198
51,461,33411
51,461,672194
51,461,913129
51,464,346906
51,473,1228185
51,473,425943
51,473,706366
51,480,1507122
51,480,606749
51,480,911159
51,512,439462
51,527,142711
51,527,811125
51,529,1045038
51,529,1108849
51,529,121080
51,529,1266889
51,529,1306775
51,529,1461370
51,529,1490644
51,529,182293
51,529,18279
51,529,438447
51,529,633567
51,529,639792
51,529,675590
51,529,679224
51,529,688357
51,529,717950
51,529,748450
51,529,776300
51,529,828818
51,529,844872
51,529,97932
51,53,1033119
51,530,1486627
51,532,1284157
51,532,925858
51,539,305363
51,570,1011238
51,570,269292
51,570,483133
51,570,654325
51,570,764346
51,589,1157398
51,589,1478074
51,589,1517800
51,589,196370
51,589,291746
51,589,714565
51,589,764082
51,589,938010
51,589,973578
51,59,380417
51,602,888374
51,605,1173535
51,605,693169
51,640,35957
51,643,1117300
51,643,1325938
51,643,1340108
51,643,1386266
51,643,1503354
51,643,1513064
51,643,273900
51,643,388630
51,643,696570
51,643,887889
51,643,913127
51,650,1082652
51,678,505097
51,690,902644
51,702,1112988
51,702,1351965
51,702,1518234
51,709,1485343
51,719,1399831
51,720,976950
51,735,1339558
51,745,1037520
51,745,1073853
51,745,216536
51,745,366340
51,751,1277392
51,751,446172
51,751,461364
51,751,708598
51,751,738365
51,766,1145671
51,766,120133
51,766,1259900
51,766,414775
51,777,256491
51,80,1509683
51,80,208934
51,80,27113
51,807,1412900
51,807,81923
51,807,890891
51,816,1010733
51,816,131859
51,816,1496066
51,816,615731
51,816,880481
51,825,1058076
51,838,1094477
51,838,1095998
51,838,1122938
51,838,1362255
51,838,1442958
51,870,53997
51,871,1433720
51,914,1335688
51,914,1397526
51,920,940996
51,960,481324
52,11,852647
52,181,410138
52,208,1099200
52,208,1240967
52,352,1520979
52,352,405645
52,371,1196301
52,371,138288
52,371,1412912
52,371,341344
52,4,509500
52,474,921789
52,534,439614
52,643,1074734
52,838,1059043
52,838,129767
53,107,1264391
53,11,10885
53,11,1409370
53,11,404632
53,11,554135
53,11,867025
53,11,959104
53,11,969435
53,123,544697
53,13,1172905
53,169,1048925
53,169,976810
53,177,552082
53,207,539938
53,208,105443
53,208,1153923
53,208,1245347
53,208,1282043
53,208,1333381
53,208,1341510
53,208,1453426
53,208,331735
53,208,452868
53,208,543919
53,208,548221
53,208,58358
53,208,911737
53,209,1278052
53,241,927800
53,243,100278
53,243,1138160
53,266,1212775
53,28,118501
53,304,1104767
53,310,617273
53,327,77645
53,327,945675
53,332,1100633
53,352,1219100
53,354,1274437
53,354,1373187
53,354,1447438
53,354,179931
53,354,34618
53,354,973434
53,358,1355366
53,358,268382
53,358,356481
53,367,689842
53,378,1113602
53,386,306114
53,427,550447
53,458,1061244
53,461,1257581
53,471,211454
53,480,557939
53,480,746524
53,490,1329300
53,501,688851
53,512,932551
53,529,404954
53,532,112563
53,570,119123
53,592,176543
53,592,841075
53,643,1475303
53,651,341882
53,666,178202
53,666,337949
53,669,1313650
53,67,147457
53,678,594703
53,684,319465
53,692,1479522
53,702,1148228
53,710,817648
53,723,1230968
53,745,296394
53,753,1277950
53,766,94086
53,767,498943
53,774,1405140
53,777,1027940
53,777,1108727
53,777,862979
53,787,788327
53,810,1168294
53,816,511583
53,816,533078
53,840,366452
53,840,685330
53,840,761836
53,843,822223
53,844,37343
53,871,475190
53,889,75273
53,895,102678
53,895,1269683
53,899,1191563
53,904,992410
53,914,1137148
53,914,455760
53,943,1059389
53,951,993582
53,953,982610
53,969,1105480
53,969,445970
53,97,560873
53,982,1054403
54,105,682305
54,108,770673
54,11,1332869
54,11,687946
54,140,123963
54,140,623953
54,140,654983
54,158,165065
54,166,454008
54,229,899633
54,241,83690
54,257,183929
54,261,522421
54,265,1397989
54,265,660389
54,265,888827
54,265,91366
54,310,1452524
54,327,1302803
54,329,2336
54,416,1416457
54,427,1335002
54,461,1248051
54,461,154351
54,461,178153
54,461,341496
54,461,541656
54,461,658318
54,461,74642
54,461,904088
54,465,630739
54,497,383139
54,512,780442
54,529,1040765
54,529,1204917
54,529,1340097
54,529,22570
54,529,303093
54,529,31262
54,529,360941
54,529,417686
54,529,509864
54,529,595605
54,568,466854
54,570,1504637
54,614,11870
54,614,1512344
54,639,1269717
54,643,867905
54,688,806912
54,695,770228
54,713,1320585
54,751,424153
54,766,563479
54,8,392420
54,807,124221
54,816,1243746
54,82,1287307
54,82,512560
54,821,328375
54,842,118404
54,842,89726
54,864,1413157
54,896,333583
54,90,1084287
54,90,135621
54,918,61258
54,925,1306495
54,925,1306684
54,925,1377459
54,925,1514442
54,925,224087
54,948,382879
54,959,941853
54,983,1068601
54,983,1413188
54,983,1442845
55,427,102219
55,427,1344132
55,453,1475039
55,453,973520
55,529,507563
55,529,753876
55,529,789605
55,529,792549
55,968,1227418
55,968,699788
56,128,1514955
56,129,1304405
56,129,299846
56,240,1441078
56,429,174804
56,454,1040136
56,481,1110245
56,481,971019
56,512,1056876
56,586,696028
56,730,1157329
56,730,292448
56,759,248087
56,79,458831
56,849,89252
56,858,1242196
56,858,746723
56,858,845858
56,957,657082
56,967,107813
57,11,1005195
57,11,1377847
57,11,95960
57,127,1432755
57,127,422772
57,127,525219
57,128,1058215
57,128,710131
57,152,1228151
57,152,448692
57,152,930201
57,208,1482731
57,208,507426
57,267,142106
57,292,1368530
57,292,2615
57,306,98442
57,352,1220352
57,352,457059
57,352,790355
57,352,967717
57,373,1255803
57,439,1024826
57,439,1085169
57,439,1202551
57,439,1426439
57,439,377537
57,439,550677
57,439,611330
57,439,643334
57,439,689433
57,529,221649
57,560,886543
57,589,157182
57,589,758205
57,601,1306482
57,666,1518930
57,671,980309
57,730,1046393
57,730,1346552
57,777,1122877
58,108,507055
58,123,797584
58,13,940342
58,183,1094598
58,183,168458
58,183,987468
58,277,104391
58,277,1326298
58,277,55567
58,304,434605
58,310,1008424
58,337,1392291
58,358,766901
58,361,302037
58,380,1217498
58,434,1334815
58,438,1436259
58,480,1185884
58,512,1026841
58,529,1184724
58,529,1485726
58,529,172526
58,529,26565
58,542,227767
58,582,350332
58,645,591219
58,66,1163074
58,66,1233137
58,80,406026
58,807,614206
58,816,1210107
58,920,216874
59,176,140487
59,176,660743
59,203,449178
59,208,1177589
59,208,1420513
59,208,1442257
59,208,367092
59,208,489650
59,208,530877
59,228,487657
59,228,763781
59,243,611633
59,289,503844
59,352,254385
59,352,46785
59,352,677672
59,352,859637
59,360,485600
59,371,1025107
59,38,1165976
59,38,146765
59,38,154138
59,38,889091
59,427,1347646
59,446,923346
59,458,1266887
59,458,344253
59,461,275929
59,473,1114351
59,474,206160
59,474,537831
59,474,985144
59,643,122228
59,643,1280863
59,643,653351
59,643,804754
59,70,31433
59,707,1109125
59,766,91982
59,771,742029
59,781,1245600
59,831,127131
59,859,1177934
59,902,828722
59,902,986128
59,911,516739
59,911,726467
59,911,898010
59,914,1175329
59,954,1165643
59,954,1362708
59,954,1471489
59,954,39488
59,954,455081
59,954,631054
59,954,954699
59,954,99897
6,208,1226730
6,208,377449
6,529,733337
6,529,881669
6,670,1369077
6,670,1515759
6,923,1328959
6,923,628689
60,1013,39916
60,1013,938722
60,118,1143192
60,13,1132185
60,152,1074624
60,152,336585
60,152,382053
60,152,464231
60,152,869146
60,169,382118
60,171,213666
60,323,486068
60,352,117537
60,352,952691
60,352,966035
60,358,1206598
60,378,205685
60,439,1070750
60,439,1081394
60,439,1353168
60,439,1419497
60,439,669267
60,439,693407
60,439,723774
60,5,1193207
60,5,1431259
60,5,793441
60,5,843784
60,529,1078826
60,529,1309372
60,529,173233
60,529,543350
60,529,547175
60,529,595424
60,529,817443
60,529,871629
60,544,464167
60,567,1191827
60,589,288261
60,589,32046
60,589,59446
60,589,947454
60,643,389315
60,643,78912
60,661,902235
60,702,58368
60,755,1225193
60,80,137414
60,816,1458569
60,836,498063
60,924,871968
60,977,1020279
61,211,190040
61,480,1120689
61,480,871638
61,605,1200875
61,861,1355261
61,892,158969
61,895,264957
61,895,321735
61,920,1104416
61,978,687841
62,1007,645048
62,103,17073
62,156,671691
62,179,1422843
62,198,27776
62,198,299721
62,198,670412
62,206,1439279
62,206,728127
62,208,1275859
62,208,1298475
62,208,1478468
62,208,1514963
62,208,232683
62,208,278652
62,208,375958
62,208,504652
62,208,523171
62,208,633901
62,208,818947
62,228,846834
62,238,158171
62,239,1034437
62,239,1223993
62,239,965624
62,310,284701
62,358,843672
62,387,872017
62,474,323252
62,488,1492759
62,496,1137089
62,496,1151830
62,496,1509806
62,496,824455
62,506,500708
62,529,535368
62,575,139136
62,680,1335816
62,777,535590
62,930,1072474
63,310,1120328
63,310,607372
63,408,1453982
63,445,1347055
63,472,2225
63,509,716701
63,509,940991
63,529,1485321
63,659,38389
63,761,1184490
63,766,1461070
63,766,53724
63,828,760446
64,159,622870
64,461,707421
64,640,290044
64,678,735652
65,326,1225518
65,371,1426877
65,371,957107
65,569,817681
65,751,624343
65,751,700148
65,866,1517363
65,871,906422
65,9,991087
66,473,861415
66,473,929304
67,11,1232124
67,11,271015
67,11,664100
67,111,1021816
67,111,1146909
67,111,1365846
67,111,1461221
67,111,552835
67,111,64723
67,187,1079002
67,203,837445
67,205,920559
67,208,1046858
67,208,1122346
67,208,16921
67,208,546520
67,208,660821
67,208,685094
67,208,764755
67,208,883720
67,212,454783
67,228,1133609
67,228,158967
67,228,201822
67,228,258030
67,228,553183
67,228,61585
67,228,736957
67,228,867205
67,232,336621
67,241,1152186
67,243,762306
67,255,516575
67,290,879453
67,348,262681
67,394,1432799
67,394,211876
67,394,652566
67,394,814968
67,394,826871
67,394,982479
67,416,1062120
67,423,513018
67,480,564253
67,480,900391
67,484,1183508
67,484,1373735
67,484,1482146
67,484,74827
67,503,17692
67,520,603162
67,570,205641
67,613,735808
67,62,1176426
67,62,310067
67,62,731685
67,643,1498086
67,643,668266
67,662,695486
67,662,877240
67,705,1086341
67,705,1097236
67,705,1159035
67,705,1274034
67,705,1510168
67,705,170895
67,705,192048
67,705,370158
67,705,487693
67,705,506855
67,705,61826
67,705,631635
67,705,881474
67,728,123302
67,728,1257317
67,728,1277303
67,728,1316871
67,728,132327
67,728,1335629
67,728,1391277
67,728,1446891
67,728,145185
67,728,339609
67,728,510972
67,728,676696
67,728,70144
67,728,74106
67,728,885950
67,728,931012
67,728,947212
67,746,1224519
67,746,1306658
67,746,360312
67,777,1107096
67,799,1150454
67,80,1083199
67,860,1112714
67,873,1203726
67,873,559134
67,873,730085
67,96,1039059
68,107,658169
68,108,1248633
68,108,339868
68,11,1086633
68,11,1430917
68,116,1461416
68,137,427674
68,153,1018754
68,153,1294181
68,153,379438
68,153,576647
68,153,618329
68,153,64935
68,160,321390
68,182,708352
68,183,1035381
68,183,1076545
68,183,1446265
68,183,1512628
68,183,364997
68,183,528282
68,183,543430
68,183,641104
68,183,720789
68,183,837368
68,208,1121201
68,208,1149171
68,208,1337855
68,208,135288
68,208,257921
68,208,294578
68,208,546103
68,208,701074
68,208,781158
68,208,80742
68,210,312769
68,210,774298
68,212,935192
68,266,774121
68,3,900362
68,304,1226033
68,304,137560
68,304,320176
68,304,347921
68,304,467869
68,304,560281
68,304,749390
68,304,773520
68,304,847314
68,304,877080
68,310,1118488
68,310,1488355
68,310,252896
68,310,734911
68,311,1452608
68,327,1494589
68,327,893933
68,330,1119211
68,354,505834
68,356,160388
68,358,1008711
68,358,557584
68,38,231044
68,386,16486
68,392,1212687
68,395,353791
68,418,169139
68,427,1018973
68,439,1252562
68,44,171905
68,44,463382
68,461,338291
68,461,448323
68,462,47051
68,479,1341751
68,480,1282033
68,480,389203
68,480,653993
68,480,936329
68,512,1218326
68,512,1504175
68,512,488310
68,521,130564
68,529,1213149
68,529,1232465
68,529,158441
68,529,233103
68,529,27546
68,529,292177
68,529,427936
68,529,610358
68,529,650521
68,532,759356
68,542,1326027
68,56,1022164
68,56,1162529
68,56,1227188
68,56,465478
68,56,529880
68,56,80280
68,56,944659
68,570,179649
68,570,659180
68,570,912625
68,578,1266417
68,578,227188
68,580,1507336
68,592,1216095
68,592,1250496
68,592,1260572
68,592,1431413
68,592,1476468
68,592,234793
68,592,253742
68,592,296308
68,592,589592
68,609,389568
68,678,1206685
68,685,668179
68,686,112884
68,706,12079
68,709,24112
68,730,1513576
68,730,166512
68,730,367189
68,730,486960
68,730,530050
68,730,624813
68,730,646155
68,730,711702
68,730,747562
68,730,786675
68,745,255855
68,750,853257
68,766,1048271
68,766,1190187
68,766,849258
68,769,1437278
68,770,1029117
68,770,1082520
68,770,139984
68,770,15453
68,770,214570
68,770,256234
68,770,403810
68,770,640546
68,770,733191
68,770,946197
68,770,993774
68,777,306285
68,803,1460522
68,807,281444
68,807,396746
68,813,1358913
68,813,1397999
68,816,1426521
68,816,238612
68,817,111381
68,834,313434
68,873,1133071
68,873,129310
68,873,1393059
68,873,1498997
68,873,27270
68,873,53101
68,873,958647
68,873,982415
68,883,348371
68,899,644192
68,899,65491
68,90,227299
68,916,1248717
68,932,162193
68,981,1035681
68,981,1103228
68,981,1164517
68,981,1489049
68,981,229667
68,981,358549
68,981,359146
68,981,378346
69,1021,885320
69,108,340163
69,108,479725
69,11,171208
69,11,185974
69,11,212735
69,11,727454
69,122,94529
69,13,1020395
69,13,241367
69,13,261982
69,153,1204901
69,157,147467
69,169,1161103
69,171,756799
69,173,1115998
69,173,628534
69,173,893406
69,173,96617
69,181,1030586
69,182,1283331
69,216,111637
69,241,1023409
69,241,1433054
69,243,154742
69,258,1210248
69,258,7332
69,261,902441
69,266,895646
69,278,1096742
69,278,221920
69,295,535071
69,301,397034
69,304,1482698
69,304,185523
69,308,249327
69,310,289574
69,327,1006741
69,327,1210645
69,327,252381
69,332,1304947
69,354,1403879
69,355,760103
69,358,1106322
69,358,1272115
69,358,626598
69,358,788925
69,358,866232
69,375,101518
69,375,648927
69,376,589545
69,38,1156288
69,386,1113355
69,386,601647
69,415,156588
69,42,148383
69,421,939327
69,427,572819
69,431,723299
69,438,843858
69,458,1013534
69,458,1201817
69,458,1288975
69,458,1297208
69,458,1311724
69,458,1417603
69,458,1423587
69,458,150656
69,458,193698
69,458,310073
69,461,572372
69,461,634154
69,474,1007904
69,474,1323745
69,474,990035
69,480,1323027
69,512,744409
69,529,1045709
69,529,1070942
69,529,1201702
69,529,1282079
69,529,1393917
69,529,1421250
69,529,1456969
69,529,1488908
69,529,208450
69,529,212627
69,529,267105
69,529,319961
69,529,526013
69,529,54470
69,529,693021
69,529,798198
69,529,845817
69,529,986599
69,551,238852
69,570,983441
69,589,1232574
69,589,251962
69,589,752214
69,591,1473612
69,591,549175
69,592,1467096
69,592,578472
69,592,670306
69,605,679312
69,605,779050
69,617,243544
69,630,726569
69,643,1080537
69,643,114005
69,643,1159313
69,643,1310230
69,643,1356205
69,643,158567
69,643,1852
69,643,222513
69,643,265652
69,643,573796
69,643,715180
69,643,741101
69,643,824825
69,643,864418
69,643,932211
69,643,933495
69,643,99070
69,650,608086
69,702,437308
69,714,953655
69,718,298010
69,730,1174341
69,730,1175144
69,730,1233123
69,730,1313808
69,730,195268
69,730,396810
69,730,818626
69,745,1391457
69,750,1034096
69,751,321314
69,751,917384
69,762,505349
69,77,126898
69,774,423307
69,774,431017
69,775,1161940
69,80,1120502
69,804,1198924
69,816,282859
69,816,664349
69,838,1462949
69,838,421206
69,871,119969
69,873,32364
69,873,480247
69,873,551159
69,873,803299
69,899,439346
69,90,970651
69,931,783997
69,943,1269583
69,966,1195776
69,974,801972
69,986,203538
69,99,507860
69,997,1231615
7,267,1461460
7,38,1197334
7,915,1193244
70,214,534263
70,241,4243
70,267,484084
70,352,1155376
70,352,254361
70,352,919866
70,352,994406
70,760,1271007
70,838,896205
70,850,564648
70,850,953826
71,117,447596
71,196,670718
71,228,1155207
71,228,1273574
71,228,1279452
71,228,1320366
71,228,132926
71,228,1465140
71,228,1514300
71,228,798030
71,243,13744
71,267,260870
71,331,861971
71,371,189339
71,371,957023
71,43,485440
71,473,240724
71,473,485005
71,502,1328730
71,516,1226770
71,596,1370760
71,643,1070114
71,647,65587
71,666,1152353
71,749,1291869
71,786,1446053
71,903,498802
71,921,1399730
71,942,907816
71,963,847063
72,110,151830
72,132,835717
72,190,1420619
72,208,1105537
72,208,1204449
72,208,1224133
72,208,1228657
72,208,1308017
72,208,133060
72,208,336867
72,208,346740
72,208,530307
72,208,55698
72,208,607114
72,208,818948
72,208,981163
72,228,1040495
72,228,1098335
72,228,1213931
72,228,277272
72,228,2930
72,228,303824
72,228,717893
72,228,925870
72,266,417156
72,303,1243468
72,310,279474
72,310,694069
72,351,583300
72,373,1337971
72,382,50776
72,427,1132399
72,427,1378760
72,448,829371
72,458,77313
72,474,1374049
72,474,1467523
72,474,309310
72,474,366855
72,475,1427252
72,480,1114591
72,557,1385146
72,643,1273228
72,643,620450
72,808,629625
72,817,483925
72,932,732866
72,936,207926
73,115,1055540
73,115,1310267
73,115,823406
73,172,799181
73,208,1003828
73,208,1035510
73,208,1181671
73,208,1254110
73,208,1515277
73,208,478471
73,208,971745
73,235,165442
73,235,617231
73,241,237059
73,247,853366
73,304,308870
73,310,176060
73,332,1213431
73,346,1258657
73,346,1422158
73,346,1477028
73,346,991844
73,386,1106147
73,386,358309
73,395,976133
73,406,1411859
73,406,777677
73,427,264487
73,448,1112402
73,448,1241895
73,448,1424929
73,485,1161795
73,485,749166
73,486,136835
73,486,514171
73,494,685729
73,51,306265
73,521,1035708
73,521,1124652
73,521,11724
73,521,126480
73,521,1298972
73,521,149328
73,521,320181
73,521,511761
73,521,54350
73,521,802345
73,524,1135329
73,529,1043496
73,529,1299203
73,529,1482415
73,529,1501749
73,529,172901
73,529,338969
73,529,417990
73,529,533742
73,529,62349
73,529,647779
73,529,814329
73,583,1172147
73,592,611008
73,631,103906
73,631,54970
73,649,1356410
73,677,1301610
73,682,918410
73,698,1287131
73,717,1013808
73,742,59345
73,745,154240
73,751,276438
73,779,106335
73,790,512852
73,80,458662
73,824,1028719
73,835,1373754
73,859,529319
73,873,561104
73,899,1066698
73,899,1189877
73,899,1482747
73,914,903565
73,917,117990
73,920,1336949
73,93,1222454
73,951,1012156
73,951,1060795
73,951,1357779
73,951,165304
73,951,408194
73,951,472014
73,951,733258
73,954,1144549
73,954,314318
73,984,312795
73,984,995219
74,1021,1325058
74,195,596232
74,208,142017
74,38,701697
74,529,506167
74,529,981611
74,589,891475
74,896,522948
75,142,828373
75,208,106303
75,208,436254
75,364,1445005
75,730,52126
75,830,1405002
76,371,926052
76,569,853304
76,751,1160193
76,866,291279
77,11,107628
77,11,1188902
77,11,1291189
77,11,1383066
77,11,247161
77,11,361616
77,11,578812
77,11,729360
77,11,835533
77,11,925700
77,11,950434
77,11,978988
77,114,163071
77,120,890661
77,127,332081
77,138,238547
77,138,713216
77,163,487150
77,171,1090588
77,188,1177310
77,188,1354286
77,188,1397667
77,188,1402675
77,188,1442867
77,188,984011
77,196,170432
77,226,210497
77,226,263674
77,23,1295437
77,235,673870
77,243,1022541
77,244,360532
77,244,857101
77,245,559721
77,246,1103654
77,249,1161735
77,252,940939
77,262,1377667
77,266,630668
77,267,556371
77,304,1139650
77,304,913773
77,316,39331
77,32,1160855
77,325,1113727
77,325,181250
77,325,448108
77,325,690822
77,325,997887
77,335,785749
77,352,1024748
77,354,257744
77,366,1101596
77,366,1472324
77,366,38916
77,366,497570
77,366,933429
77,370,296988
77,38,1365788
77,386,551335
77,386,830010
77,433,849601
77,439,1001453
77,439,1243199
77,439,1407608
77,439,484866
77,439,955022
77,443,35185
77,444,652110
77,447,1325392
77,458,262174
77,458,879860
77,482,1077129
77,49,714817
77,500,14841
77,512,1077128
77,512,1230370
77,512,413285
77,516,1063741
77,560,1082092
77,560,1373744
77,573,590625
77,599,637353
77,602,983306
77,614,974233
77,620,1402652
77,624,835983
77,633,1453875
77,633,82012
77,641,1350766
77,643,1156322
77,643,1204897
77,643,1213174
77,643,1391183
77,643,549996
77,643,652982
77,643,675993
77,701,753142
77,708,119681
77,72,837261
77,732,1520036
77,732,284240
77,732,390995
77,758,1415067
77,766,89712
77,766,937664
77,776,149478
77,805,1199465
77,816,1069432
77,840,484377
77,86,1519976
77,886,1035802
77,897,1111651
77,897,1241587
77,897,17671
77,897,944771
77,899,520131
77,912,1046736
77,912,1089846
77,912,1169592
77,912,1308788
77,912,352883
77,912,777307
77,914,1120458
77,937,891114
77,941,61233
77,942,695359
77,951,1465305
77,951,1515123
77,951,188963
77,951,381733
77,951,501756
77,951,534784
77,951,541527
77,951,71900
77,951,721786
77,951,736091
77,951,887997
77,963,529591
77,963,625634
78,561,729743
78,637,1170650
79,152,1114105
79,152,1198170
79,152,1281117
79,152,584473
79,152,74689
79,152,986618
79,439,1298839
79,439,156154
79,439,193420
79,439,483860
79,439,625182
79,439,811794
79,838,1384978
79,838,985490
8,10,544002
8,1001,6937
8,108,1020489
8,110,1185816
8,110,210882
8,110,684373
8,110,883013
8,111,611539
8,153,1289568
8,164,1007951
8,164,803953
8,189,401266
8,203,627043
8,208,1060480
8,208,1065625
8,208,1073930
8,208,1173143
8,208,1346691
8,208,1425397
8,208,15490
8,208,257127
8,208,260858
8,208,293426
8,208,542775
8,208,565868
8,208,600608
8,208,742535
8,208,833559
8,208,869192
8,213,1395828
8,228,1094549
8,228,1126495
8,228,1304626
8,228,746810
8,228,763994
8,231,1117743
8,253,750786
8,276,273110
8,304,819966
8,310,585926
8,318,22598
8,318,622507
8,327,104734
8,33,804893
8,342,1424431
8,342,215479
8,342,266212
8,342,412567
8,342,440554
8,342,490537
8,342,49647
8,342,72192
8,342,76294
8,345,1177876
8,347,15162
8,347,28710
8,370,86517
8,397,557899
8,409,1123166
8,416,789628
8,423,1366527
8,427,237120
8,427,301011
8,427,792407
8,458,1006851
8,458,1177274
8,458,120568
8,458,1216029
8,458,1217753
8,458,1388338
8,458,1405228
8,458,1492628
8,458,290718
8,458,366321
8,458,510313
8,458,701443
8,458,748598
8,458,848784
8,458,890194
8,458,898353
8,458,977912
8,48,1110445
8,484,344846
8,484,712959
8,492,1310931
8,493,258184
8,529,471538
8,529,601397
8,535,906791
8,559,412612
8,561,1230964
8,561,1440644
8,561,1476353
8,561,1499323
8,561,245201
8,62,1164570
8,62,1347842
8,62,499132
8,641,597684
8,662,1086140
8,662,1348201
8,662,1490912
8,662,218788
8,662,387990
8,677,769923
8,678,1053153
8,678,66444
8,705,1040113
8,705,315169
8,705,478832
8,705,586674
8,705,646660
8,705,661822
8,712,908281
8,728,1112199
8,728,569093
8,728,902785
8,748,251195
8,751,695098
8,777,1072944
8,777,723107
8,835,543096
8,858,1088794
8,858,1489513
8,858,410331
8,858,411033
8,858,615699
8,869,262764
8,946,90048
8,958,1385044
8,964,586777
8,976,1232617
80,105,1081448
80,105,1298946
80,105,1411471
80,105,167311
80,113,978816
80,12,1035428
80,12,1090751
80,12,1110363
80,12,1154974
80,12,122853
80,12,1416768
80,12,312908
80,12,394449
80,12,672751
80,12,701511
80,12,730987
80,12,863030
80,12,90578
80,12,914188
80,12,925663
80,12,947858
80,13,1172376
80,13,811189
80,143,1050125
80,143,1486925
80,143,26613
80,143,711638
80,143,715038
80,150,781297
80,161,597262
80,173,220475
80,180,512583
80,211,1168313
80,211,1452373
80,211,1480052
80,211,19326
80,211,711383
80,214,722745
80,241,1316984
80,241,288765
80,241,489386
80,243,1381286
80,243,1409542
80,243,445951
80,266,1435276
80,266,90039
80,273,1223890
80,28,616936
80,296,1446126
80,304,1316561
80,304,351469
80,327,1480521
80,337,1002329
80,337,116007
80,337,1164799
80,337,1248104
80,337,1332432
80,337,1392495
80,337,1406193
80,337,1450994
80,337,492631
80,337,523680
80,337,537573
80,337,561883
80,337,573849
80,337,585719
80,337,739024
80,337,797975
80,337,821659
80,37,773496
80,41,829555
80,416,921676
80,438,326961
80,461,1385849
80,473,100440
80,473,1504134
80,512,1177566
80,512,421001
80,529,1225680
80,529,1258803
80,529,1292972
80,529,1433270
80,529,1446371
80,529,1461764
80,529,1495540
80,529,153926
80,529,173804
80,529,329040
80,529,360945
80,529,37119
80,529,382083
80,529,462789
80,529,475703
80,529,476627
80,529,500031
80,529,568073
80,529,59834
80,529,652073
80,529,66264
80,529,688657
80,529,689270
80,529,721055
80,529,792143
80,529,918584
80,529,937090
80,529,953873
80,529,959692
80,532,1010779
80,532,1472070
80,532,816195
80,565,315835
80,570,263342
80,592,1261080
80,603,498514
80,611,1162213
80,642,177783
80,643,1319746
80,66,581543
80,676,61241
80,678,598144
80,697,334967
80,702,1316327
80,71,829990
80,730,1106090
80,730,1175037
80,730,1437968
80,730,227365
80,730,248584
80,730,289152
80,730,308001
80,730,341653
80,730,533194
80,730,558653
80,730,583779
80,730,649075
80,730,918318
80,730,942884
80,745,1193050
80,766,1161324
80,766,1167388
80,766,871797
80,774,1208604
80,774,1325011
80,774,1453658
80,774,1507269
80,774,175203
80,816,430477
80,816,430842
80,816,571799
80,817,516145
80,836,46727
80,838,1027357
80,838,1045816
80,838,1102616
80,838,1224890
80,838,1264580
80,838,1274425
80,838,163544
80,838,203710
80,838,235825
80,838,284536
80,838,580576
80,838,748950
80,838,819187
80,838,986182
80,895,1171345
80,920,161870
80,920,174361
80,920,269034
80,920,598014
80,928,1351586
80,928,1460852
80,928,239495
80,928,373672
80,928,389597
80,928,426038
80,928,465313
80,928,672752
80,932,633656
80,983,1355238
80,983,699836
80,983,722276
80,983,811146
80,983,902879
80,998,1177833
81,20,117662
81,20,1310776
81,20,1412866
81,20,172332
81,20,503783
81,20,861461
81,20,917886
81,20,93177
81,332,1104103
81,332,295991
81,358,526630
81,411,1356642
81,411,177994
81,411,251083
81,411,686311
81,422,472928
81,432,283840
81,432,447872
81,432,670490
81,643,1496973
81,643,477716
81,703,1229320
81,766,501424
81,851,1437312
81,909,509172
81,929,505419
82,128,1210824
82,128,454245
82,240,828940
82,352,945153
82,371,27385
82,487,1158614
82,512,1343469
82,569,1139461
82,569,53728
82,664,116732
82,667,804149
82,672,206716
82,672,876158
82,730,726814
82,730,965078
82,777,1018752
82,838,389918
82,957,1326900
83,100,274199
83,100,858956
83,128,381029
83,128,536371
83,152,1163913
83,152,148630
83,152,639359
83,152,789559
83,208,1001274
83,208,173676
83,270,316377
83,292,169270
83,327,574219
83,330,357675
83,352,1007170
83,352,946659
83,371,803951
83,373,437523
83,439,1047965
83,439,1148067
83,439,117193
83,439,1473319
83,439,298794
83,439,342856
83,439,654116
83,439,788421
83,439,966153
83,469,940653
83,529,1504708
83,529,664115
83,550,519330
83,666,1194667
83,671,149425
83,730,1482458
83,730,165997
83,785,533495
83,978,1521307
84,105,530790
84,12,142523
84,12,15573
84,12,27367
84,12,428104
84,12,446220
84,12,670301
84,12,73021
84,143,1322893
84,302,700185
84,343,941533
84,452,128245
84,514,672117
84,529,1015338
84,529,1117720
84,529,1184283
84,529,1212003
84,529,1232311
84,529,1260796
84,529,1352411
84,529,1448477
84,529,306007
84,529,34414
84,529,413173
84,529,447671
84,529,486690
84,529,704219
84,529,709370
84,529,984390
84,549,102566
84,566,1012304
84,566,1319733
84,566,1341695
84,566,264238
84,566,421181
84,566,53872
84,566,550800
84,566,60484
84,566,752219
84,566,994045
84,587,1059352
84,721,1125100
84,825,857571
84,873,112061
84,873,1158133
84,873,1329507
84,873,1518096
84,983,1410527
84,983,37268
84,983,586374
84,983,631763
85,1009,1267504
85,28,1373078
85,304,1374902
85,351,945605
85,358,574740
85,386,823446
85,427,1243978
85,436,632206
85,439,1105188
85,439,1156436
85,439,1160101
85,439,398388
85,439,743386
85,439,854948
85,634,496793
85,744,1021184
85,78,372595
85,78,719578
85,78,985185
85,899,1220466
85,899,1477179
85,899,361590
85,981,103646
85,981,1181324
85,981,805437
86,1002,931312
86,133,1347892
86,133,872347
86,139,1468805
86,143,581597
86,146,952396
86,168,1158314
86,171,607011
86,183,1096454
86,19,20463
86,199,918244
86,234,1383955
86,237,173632
86,260,1160958
86,28,561403
86,301,545555
86,305,164316
86,310,904378
86,327,1434416
86,337,887968
86,38,1404446
86,395,1450056
86,395,270204
86,407,1058560
86,448,1088529
86,448,1148149
86,448,647772
86,448,749768
86,448,859341
86,448,96618
86,461,545743
86,461,95849
86,476,1077745
86,485,384057
86,485,462080
86,485,958465
86,529,777892
86,529,848261
86,541,1301838
86,546,284949
86,60,1308463
86,602,1113333
86,62,1122596
86,62,1305843
86,62,1423404
86,62,1433768
86,62,355633
86,62,405704
86,62,661805
86,62,838585
86,643,1033573
86,643,1244095
86,643,137284
86,643,1387052
86,643,569607
86,643,664338
86,643,864957
86,643,918888
86,683,1289516
86,698,953950
86,70,1145262
86,70,1505657
86,70,449947
86,70,582928
86,70,719049
86,702,1204930
86,751,1197599
86,777,409376
86,863,449805
86,863,874835
86,872,171104
86,880,1155783
86,880,545760
86,91,1248129
86,933,1288458
86,966,221943
87,13,229211
87,13,927847
87,153,8519
87,177,1381966
87,2,980118
87,208,1008810
87,208,1388488
87,208,311668
87,208,322251
87,208,433041
87,208,435043
87,208,656526
87,208,790908
87,208,849213
87,208,897772
87,208,904619
87,241,1139370
87,243,947778
87,254,1409342
87,275,550880
87,304,509401
87,310,1380068
87,330,535302
87,352,1003384
87,352,1122522
87,352,1138431
87,352,1181115
87,352,1280337
87,352,237043
87,352,326228
87,352,365835
87,352,378076
87,352,497408
87,352,651429
87,352,94178
87,352,966498
87,354,732637
87,372,730312
87,386,370911
87,395,1242465
87,439,1143401
87,458,1098395
87,458,1179017
87,458,1426912
87,458,198573
87,458,699460
87,458,85173
87,473,6808
87,474,1000472
87,474,1195136
87,474,1393687
87,474,1462718
87,474,1468131
87,474,1517334
87,474,237299
87,474,24702
87,474,503912
87,474,701597
87,480,211627
87,485,410482
87,485,677711
87,510,935777
87,529,294688
87,548,1494079
87,592,1167900
87,592,1433607
87,592,739872
87,605,1003128
87,62,159997
87,643,1420428
87,643,313986
87,643,376678
87,643,38120
87,643,73820
87,643,82853
87,656,1166743
87,675,767556
87,70,606917
87,715,1198931
87,723,716956
87,745,667923
87,751,370833
87,768,30953
87,774,1221258
87,774,696247
87,792,1179327
87,816,1129106
87,816,1383086
87,838,1376444
87,895,1316755
87,895,16302
87,899,311446
87,914,397697
87,992,1341283
88,11,108814
88,110,1251163
88,110,710833
88,110,735559
88,110,809492
88,13,102974
88,186,552760
88,195,121117
88,195,205572
88,195,29765
88,20,1258619
88,201,793024
88,208,1520971
88,220,663714
88,241,273818
88,243,1383823
88,26,517220
88,266,1391319
88,297,320253
88,310,1507535
88,310,321033
88,38,8142
88,38,885537
88,416,505668
88,448,534393
88,458,1175944
88,458,1418136
88,461,15278
88,461,167341
88,461,638496
88,461,813428
88,461,843068
88,461,859707
88,461,88962
88,461,993969
88,467,950045
88,468,1065762
88,47,501359
88,529,1092704
88,529,12016
88,529,1252804
88,529,255378
88,529,309973
88,529,366926
88,529,518248
88,529,557508
88,529,61656
88,529,656329
88,529,71054
88,529,871465
88,529,946847
88,529,993020
88,533,460815
88,58,875482
88,588,1074822
88,590,1115579
88,590,373510
88,643,789232
88,677,1455602
88,7,317547
88,727,1081993
88,727,1382613
88,745,1290677
88,751,28560
88,76,1294446
88,766,236199
88,795,187529
88,807,281933
88,807,511914
88,83,1250469
88,846,1189710
88,846,1462849
88,846,450109
88,862,1022919
88,862,1096810
88,862,762621
88,873,1292244
89,117,104533
89,188,972717
89,226,846629
89,267,984510
89,304,1493429
89,304,833140
89,305,1272382
89,324,1031064
89,324,809341
89,325,1081467
89,325,1295258
89,325,132839
89,325,154009
89,325,824982
89,366,1060697
89,366,1234275
89,38,1216873
89,412,1474995
89,412,1518894
89,412,652947
89,431,742201
89,532,824182
89,602,1323810
89,602,453540
89,628,1032849
89,643,1105033
89,643,1293700
89,643,143454
89,643,212866
89,643,272706
89,643,63262
89,679,699173
89,791,1330703
89,862,934028
89,88,1043631
89,88,13508
89,88,283260
89,888,46487
89,897,1059195
89,897,1340831
89,897,134282
89,897,685527
89,912,1026751
89,912,1329061
89,912,564578
89,912,591589
89,951,1110013
89,951,1149089
89,951,532785
89,951,81493
89,951,923226
89,951,979704
89,963,537042
89,987,1314291
9,108,785024
9,173,1044724
9,287,1088833
9,310,529199
9,395,944300
9,404,972029
9,558,179498
9,572,1061795
9,578,1341610
9,600,754503
9,610,863742
9,643,188122
9,743,1329344
9,780,1231191
9,80,650673
9,829,594134
9,84,793901
9,871,795036
9,873,1065153
9,905,575558
9,985,556314
9,985,714564
90,208,1293708
90,208,669761
90,730,465657
90,830,492340
90,98,757913
91,358,648323
91,962,216428
92,147,1443493
92,208,1221600
92,358,522108
92,371,384876
92,46,26316
92,640,1480326
92,643,1287056
92,678,1167685
92,738,1399479
92,817,979933
92,914,1272349
92,914,723794
92,949,325991
92,951,496024
92,962,187289
